0, 0.2044607, 0.210705, 0.05813655, -0.06411775, 0.3878399, -0.01993414, -0.9192778, 0.001387354, -0.02944427, 0.06455987, 0.3334439, 0.4171418, 0.3657423, -0.7622601, 0.1709859, -0.02483209, 0.2716196, -0.4258018, -0.3080923, -0.1381347, 0.8394586;
0.02149095, 0.2042546, 0.2106699, 0.05831284, -0.06424701, 0.3879531, -0.02003247, -0.9192189, 0.001268352, -0.0294822, 0.06476, 0.3329236, 0.4169731, 0.3658232, -0.762541, 0.1706087, -0.02493199, 0.271657, -0.4255559, -0.3085907, -0.1377917, 0.8394566;
0.0386149, 0.2038925, 0.2106563, 0.05867306, -0.06472563, 0.3881565, -0.02013591, -0.9190972, 0.0009837582, -0.02952086, 0.06525904, 0.331984, 0.4165738, 0.3666075, -0.7627922, 0.1701304, -0.02498109, 0.2717187, -0.4256733, -0.3091488, -0.1373103, 0.8392706;
0.06903306, 0.2036942, 0.2106545, 0.05891987, -0.06495614, 0.3882744, -0.0202078, -0.9190296, 0.0007884286, -0.02948823, 0.06561583, 0.331213, 0.4166397, 0.3670245, -0.7628907, 0.1698525, -0.02497274, 0.2718827, -0.4253791, -0.3093629, -0.1374108, 0.8393245;
0.08675236, 0.2035337, 0.2106485, 0.05916363, -0.06503891, 0.3883315, -0.02015176, -0.9190009, 0.0007143597, -0.0293895, 0.06581623, 0.3310751, 0.4166988, 0.3671502, -0.7628579, 0.169428, -0.0250233, 0.2722168, -0.424308, -0.3100308, -0.1378681, 0.8395451;
0.1064809, 0.203262, 0.2106058, 0.05957329, -0.06532238, 0.3883893, -0.0200572, -0.9189584, 0.0006258408, -0.02939753, 0.06601967, 0.3310216, 0.4166912, 0.3668797, -0.7630153, 0.1691966, -0.02522653, 0.2723531, -0.4239758, -0.3104167, -0.1378093, 0.83958;
0.1317353, 0.2030444, 0.2105237, 0.05990129, -0.06581985, 0.3882958, -0.02004385, -0.9189627, 0.000562041, -0.0295662, 0.0661568, 0.330936, 0.416761, 0.3665531, -0.7631713, 0.1689949, -0.02571868, 0.2723413, -0.4240001, -0.3107082, -0.137373, 0.8395314;
0.1492827, 0.2029615, 0.2103816, 0.06013052, -0.06601638, 0.3884145, -0.01992964, -0.9189009, 0.000578684, -0.02992799, 0.06615435, 0.3310085, 0.4168307, 0.3665033, -0.7631257, 0.1689241, -0.02619984, 0.2722335, -0.4241037, -0.3107249, -0.1373653, 0.8394741;
0.1651393, 0.2028015, 0.2101917, 0.06040609, -0.06642017, 0.3883078, -0.01975213, -0.9189208, 0.0005751314, -0.03030322, 0.06618433, 0.3310835, 0.4168109, 0.3664929, -0.763109, 0.1687609, -0.02679415, 0.2721452, -0.4238264, -0.310849, -0.1375762, 0.8395337;
0.1846834, 0.2025631, 0.2100442, 0.06077208, -0.06689537, 0.3883727, -0.01975469, -0.9188587, 0.0003729254, -0.03051418, 0.06642213, 0.3307301, 0.4164869, 0.3663324, -0.7635161, 0.1682874, -0.02711339, 0.2722087, -0.4227334, -0.3116259, -0.1382083, 0.839693;
0.2144548, 0.2023889, 0.2100303, 0.06097833, -0.06702133, 0.3882996, -0.01982455, -0.918879, 0.0002484514, -0.03033138, 0.0665479, 0.3306646, 0.416432, 0.3662947, -0.7635925, 0.1680615, -0.02691468, 0.2723013, -0.4225157, -0.3117705, -0.1382192, 0.839747;
0.2288931, 0.2022167, 0.2100447, 0.06118806, -0.06707887, 0.388356, -0.01973178, -0.9188529, 8.136118E-05, -0.0301539, 0.06673316, 0.330688, 0.4163519, 0.3662237, -0.7636601, 0.1678668, -0.02673686, 0.2723982, -0.4227027, -0.3115279, -0.1382061, 0.8397451;
0.2462695, 0.2018345, 0.2100642, 0.06150115, -0.06672106, 0.3885166, -0.01950325, -0.918816, -0.000217844, -0.03007376, 0.06702672, 0.3305791, 0.4163493, 0.3658605, -0.7638828, 0.1673668, -0.02682241, 0.2726804, -0.4221342, -0.3116406, -0.1384363, 0.8399513;
0.2662304, 0.2013398, 0.2100648, 0.06173122, -0.06581429, 0.3891138, -0.01929019, -0.9186332, -0.0007843662, -0.03065418, 0.06743506, 0.3295505, 0.4163045, 0.365934, -0.7643163, 0.1664438, -0.02784903, 0.2732065, -0.4198135, -0.3128356, -0.1390412, 0.8405701;
0.2897322, 0.2008494, 0.2099856, 0.0617277, -0.06466948, 0.3895859, -0.0191433, -0.9185174, -0.001542602, -0.03180599, 0.06785975, 0.3277716, 0.4164044, 0.3664106, -0.7647983, 0.1652987, -0.02956174, 0.2737946, -0.4171658, -0.3141458, -0.1388005, 0.841439;
0.3087497, 0.200132, 0.2096387, 0.06140883, -0.06247279, 0.3908071, -0.01921566, -0.9181491, -0.003033263, -0.03438527, 0.06846569, 0.324331, 0.41663, 0.3670999, -0.765811, 0.163566, -0.03280345, 0.2746257, -0.4144041, -0.3151624, -0.137907, 0.8425696;
0.3308111, 0.1993314, 0.2090705, 0.06062149, -0.05939147, 0.3919847, -0.02002811, -0.9178342, -0.005010871, -0.03753663, 0.0690307, 0.3212753, 0.4174846, 0.3682571, -0.766078, 0.1612365, -0.03668118, 0.2759471, -0.4122854, -0.3160656, -0.1354914, 0.8436619;
0.3517463, 0.1985335, 0.2082521, 0.0591037, -0.05597368, 0.3927147, -0.02005907, -0.9177362, -0.007448414, -0.04081239, 0.06962913, 0.318436, 0.4187922, 0.3686684, -0.7663519, 0.1591039, -0.04032551, 0.2781854, -0.4062072, -0.3188397, -0.1372189, 0.8452857;
0.3711884, 0.1979636, 0.2071182, 0.05668898, -0.05358097, 0.3929273, -0.01972602, -0.9177953, -0.01131925, -0.0452387, 0.07063212, 0.313915, 0.4192963, 0.3658931, -0.7692661, 0.1567964, -0.04500213, 0.2828844, -0.3879827, -0.3259657, -0.1480724, 0.8492882;
0.392677, 0.1978244, 0.2065127, 0.05457918, -0.05500184, 0.3917343, -0.01959044, -0.918224, -0.0165616, -0.05124237, 0.07192992, 0.3098283, 0.4185675, 0.3617734, -0.7732579, 0.1541305, -0.05007326, 0.2886885, -0.3759626, -0.329659, -0.1455108, 0.8537;
0.4148728, 0.1971869, 0.2054727, 0.05070002, -0.05542656, 0.3910833, -0.01692149, -0.918529, -0.02331733, -0.05912396, 0.07338072, 0.3021989, 0.4199009, 0.3563098, -0.7780761, 0.1561461, -0.05067733, 0.2936255, -0.3859022, -0.3140424, -0.1361316, 0.8566943;
0.4364712, 0.195723, 0.2047377, 0.04425896, -0.05380211, 0.3901762, -0.01147712, -0.9190953, -0.03009768, -0.06698353, 0.07391383, 0.2820746, 0.4211726, 0.3490226, -0.7881819, 0.1650907, -0.04258138, 0.2981589, -0.4002927, -0.3011414, -0.1470023, 0.8529185;
0.4596423, 0.1939972, 0.205464, 0.03948503, -0.04715208, 0.3901014, -0.007644897, -0.9195321, -0.0344323, -0.07234994, 0.07217789, 0.2769361, 0.4200309, 0.3477006, -0.791192, 0.1776431, -0.02507315, 0.3009777, -0.4111136, -0.2945756, -0.1512574, 0.8493128;
0.4810851, 0.1914076, 0.2061878, 0.03460727, -0.03663663, 0.3896342, 0.001378522, -0.9202397, -0.03802103, -0.0751085, 0.06854033, 0.2789392, 0.4224755, 0.3429652, -0.7912536, 0.1963882, 0.0004064561, 0.2987261, -0.4504117, -0.2743249, -0.1579238, 0.8348265;
0.503169, 0.1884073, 0.2060949, 0.02958454, -0.02527322, 0.3864676, 0.007426313, -0.9219267, -0.04104105, -0.07662247, 0.06409908, 0.2808232, 0.4234757, 0.3334089, -0.7941317, 0.2186735, 0.03103404, 0.2925011, -0.5207706, -0.2360837, -0.1498387, 0.8066045;
0.5260075, 0.1854386, 0.204909, 0.02478656, -0.01314314, 0.3844062, 0.00759478, -0.9230393, -0.04328239, -0.07882114, 0.05976672, 0.284755, 0.4187859, 0.3237606, -0.7991946, 0.2392193, 0.05946531, 0.2839495, -0.5844911, -0.207055, -0.1276859, 0.7740767;
0.5481322, 0.1827493, 0.2042635, 0.01989924, -0.006300467, 0.3844614, 0.004794518, -0.9231071, -0.04569532, -0.08190431, 0.05644699, 0.286232, 0.413316, 0.3168463, -0.8042696, 0.2602451, 0.0865057, 0.2725161, -0.6374862, -0.1846515, -0.1126219, 0.7394805;
0.5698487, 0.1803267, 0.2038363, 0.01534907, 0.0008789639, 0.3840835, 0.004691384, -0.923286, -0.04868755, -0.08528221, 0.05440418, 0.2857673, 0.4112701, 0.312558, -0.8071564, 0.2800632, 0.1114416, 0.2593936, -0.6812901, -0.1579481, -0.10464, 0.7070691;
0.5915174, 0.1782011, 0.2029101, 0.01100665, 0.006327228, 0.3808845, 0.005964845, -0.9245818, -0.05197507, -0.08904885, 0.05392386, 0.2811354, 0.4126257, 0.3142555, -0.8074319, 0.2976383, 0.1332162, 0.2425717, -0.7160538, -0.1342625, -0.100089, 0.6776597;
0.6150951, 0.1762039, 0.2023042, 0.007353349, 0.01070965, 0.3798135, 0.005283921, -0.924986, -0.05409802, -0.09246556, 0.05372131, 0.2776245, 0.4127284, 0.318796, -0.8068141, 0.3112845, 0.150164, 0.2243216, -0.7521973, -0.1107506, -0.08893469, 0.6434472;
0.6366631, 0.1742339, 0.2031285, 0.004329972, 0.01602344, 0.3800738, 0.003382152, -0.9248112, -0.05554622, -0.0947202, 0.05342716, 0.2761016, 0.410151, 0.3161745, -0.8096775, 0.3196855, 0.1623808, 0.2054441, -0.7860583, -0.09285159, -0.07120352, 0.6069769;
0.6587356, 0.1728718, 0.2050654, 0.001694964, 0.01863698, 0.3809616, 0.0003744379, -0.924403, -0.05654735, -0.09584692, 0.05325275, 0.2740816, 0.4083528, 0.3099964, -0.813652, 0.3228449, 0.1703189, 0.1875733, -0.817554, -0.07291364, -0.04407015, 0.5695146;
0.6829984, 0.1718542, 0.2080001, -0.0008002464, 0.01586969, 0.3798683, -8.293553E-05, -0.9249045, -0.0569391, -0.09576779, 0.05312326, 0.271349, 0.4099777, 0.3104554, -0.8135757, 0.3241963, 0.1775709, 0.1731456, -0.8417891, -0.05034728, -0.02916709, 0.5366614;
0.7039741, 0.1712143, 0.2113971, -0.002691183, 0.01798061, 0.3795648, 0.002172026, -0.9249879, -0.05672465, -0.09395643, 0.05268074, 0.268711, 0.4127387, 0.310982, -0.8128538, 0.3233372, 0.1858227, 0.1619429, -0.8559685, -0.03919668, -0.02761272, 0.5148001;
0.7268454, 0.1709584, 0.2148625, -0.004616834, 0.0208674, 0.3798988, 0.003548116, -0.9247859, -0.05572974, -0.09082101, 0.05117413, 0.2681119, 0.4140837, 0.3053587, -0.8144978, 0.3216729, 0.1939132, 0.1532225, -0.8637983, -0.04407914, -0.03618492, 0.5005997;
0.7486228, 0.1712147, 0.2177578, -0.006856954, 0.02048915, 0.3790259, 0.005209188, -0.9251446, -0.05374879, -0.08630197, 0.04828513, 0.2716971, 0.4145091, 0.2977915, -0.8158941, 0.3200391, 0.2023514, 0.1469487, -0.8660209, -0.0632912, -0.05572228, 0.492846;
0.7710351, 0.1717419, 0.219944, -0.009295814, 0.02036025, 0.3783436, 0.007488756, -0.925411, -0.05083029, -0.08123104, 0.04438104, 0.2800881, 0.4144701, 0.2932623, -0.8147162, 0.3165096, 0.211721, 0.1433161, -0.8631889, -0.08994766, -0.0752437, 0.491073;
0.7926149, 0.1724495, 0.2216793, -0.01178736, 0.02304636, 0.3798091, 0.0104267, -0.924719, -0.04766733, -0.07663759, 0.04043392, 0.287845, 0.4137553, 0.2948141, -0.8118106, 0.3093968, 0.2207751, 0.1426349, -0.8652186, -0.1058637, -0.07581891, 0.4841913;
0.8150544, 0.1734999, 0.2223745, -0.01433, 0.02807856, 0.3830892, 0.01456454, -0.9231697, -0.04488506, -0.07290966, 0.03663843, 0.2937023, 0.4119813, 0.3042294, -0.8071275, 0.2996964, 0.2295859, 0.145981, -0.8807141, -0.09084652, -0.06227704, 0.4606639;
0.8386072, 0.1747562, 0.2221173, -0.01695898, 0.03006874, 0.3856544, 0.01614465, -0.9220119, -0.04306814, -0.07051914, 0.03261921, 0.2988514, 0.4120926, 0.3146578, -0.8011604, 0.2896589, 0.2408975, 0.1514736, -0.8939092, -0.07055341, -0.05683728, 0.4389967;
0.8599156, 0.1764065, 0.2209735, -0.01912433, 0.03307403, 0.3898655, 0.01472239, -0.9201599, -0.0422869, -0.06938457, 0.02840753, 0.3009448, 0.4157525, 0.3254337, -0.7941505, 0.2790232, 0.2552163, 0.159758, -0.8959484, -0.07382216, -0.05815915, 0.4341016;
0.8822232, 0.177968, 0.2191429, -0.02059207, 0.03740509, 0.3928744, 0.01500628, -0.9187086, -0.04242732, -0.06883086, 0.02368106, 0.3022604, 0.423474, 0.3317841, -0.7869102, 0.268121, 0.2734368, 0.1724594, -0.8906984, -0.09489995, -0.06403758, 0.4399427;
0.905104, 0.1798385, 0.2163707, -0.02120826, 0.03953492, 0.3957445, 0.01427486, -0.9173982, -0.04289228, -0.0690886, 0.01858827, 0.3050384, 0.4315322, 0.3337433, -0.7806067, 0.2551896, 0.2986449, 0.1898952, -0.8789637, -0.1032256, -0.0773617, 0.4591105;
0.9284304, 0.1817602, 0.2126112, -0.02110535, 0.04088198, 0.3998761, 0.01328131, -0.9155607, -0.04315509, -0.0703511, 0.01392368, 0.3053661, 0.4414332, 0.3364332, -0.7737577, 0.2406214, 0.3256899, 0.2083984, -0.8649021, -0.115955, -0.09587988, 0.4788588;
0.9497917, 0.1839237, 0.2077316, -0.02047352, 0.04165085, 0.4049925, 0.01126981, -0.9133013, -0.04244491, -0.07269761, 0.009743141, 0.3040969, 0.451138, 0.3457298, -0.7645067, 0.222369, 0.3535933, 0.2286988, -0.8550081, -0.1198051, -0.09179152, 0.4961675;
0.9715679, 0.1867336, 0.2011837, -0.01826181, 0.04274255, 0.4107632, 0.004221219, -0.9107298, -0.04046958, -0.0766064, 0.005805166, 0.3022799, 0.4573179, 0.3572236, -0.7562265, 0.1987151, 0.3865235, 0.2518651, -0.8462247, -0.1238289, -0.0661858, 0.5139937;
0.9941342, 0.1899559, 0.1935792, -0.01488309, 0.0472542, 0.4158325, -0.001633788, -0.9082112, -0.0382108, -0.08077989, 0.002113655, 0.3017218, 0.4633874, 0.3648614, -0.7490743, 0.175787, 0.4232765, 0.277135, -0.8343488, -0.1111374, -0.0606785, 0.5364967;
1.015737, 0.1936964, 0.1840933, -0.01102155, 0.04873028, 0.4187836, -0.002232433, -0.9067749, -0.03558975, -0.08571175, -0.001313945, 0.3040331, 0.4682996, 0.3670502, -0.7439983, 0.1555032, 0.4614593, 0.3067246, -0.8023953, -0.1097279, -0.08401758, 0.5805709;
1.038302, 0.1972887, 0.1731718, -0.007351808, 0.04689595, 0.4200206, -0.0008709514, -0.9063017, -0.0322285, -0.09164796, -0.00422952, 0.3088534, 0.4682453, 0.3697633, -0.7406963, 0.1325744, 0.4954619, 0.3401957, -0.739152, -0.1528172, -0.07625734, 0.651526;
1.059625, 0.2014838, 0.1607224, -0.004169563, 0.04918874, 0.4189285, -0.01019935, -0.9066285, -0.0280525, -0.09894997, -0.005504283, 0.3088228, 0.4614808, 0.3810974, -0.7392082, 0.1152055, 0.5085154, 0.3686695, -0.7088115, -0.1408455, -0.06802813, 0.687838;
1.083365, 0.2038045, 0.1695422, -0.004982971, -0.00036943, 0.40953, -0.04319581, -0.9112734, -0.02401083, -0.104541, -0.006605744, 0.3130845, 0.4541432, 0.3950315, -0.7346306, 0.1100517, 0.4951132, 0.3743633, -0.7302846, -0.03879322, -0.05677306, 0.6796736;
1.107018, 0.2026007, 0.1725281, -0.003770413, 0.06280493, 0.4010087, -0.0006219356, -0.9139186, -0.02412292, -0.1062727, -0.007506209, 0.3113441, 0.4595254, 0.3883833, -0.7355676, 0.1057597, 0.4713255, 0.3585593, -0.7347295, -0.121489, -0.01960134, 0.6671048;
1.127682, 0.1997112, 0.1751488, -0.00562609, 0.07020599, 0.3905464, 0.02396604, -0.9175894, -0.02632083, -0.104232, -0.009514278, 0.3043549, 0.4870984, 0.3624595, -0.7339798, 0.1078022, 0.4380375, 0.3250019, -0.7746736, -0.1456574, 0.02806957, 0.6147168;
1.151359, 0.1982873, 0.1796474, -0.009946524, 0.05703456, 0.3789901, 0.0258966, -0.9232784, -0.02478174, -0.1012103, -0.01337292, 0.316124, 0.4972978, 0.3457619, -0.7302118, 0.1237031, 0.4089485, 0.2910212, -0.8188094, -0.1170004, -0.01618771, 0.5617829;
1.172196, 0.1957026, 0.1845037, -0.01494139, 0.05415908, 0.3750771, 0.01396754, -0.9253048, -0.02353078, -0.09777037, -0.01833213, 0.3285437, 0.4939819, 0.3239132, -0.7369676, 0.1462613, 0.3813831, 0.2622628, -0.8014687, -0.1783807, -0.07361449, 0.566047;
1.196125, 0.192193, 0.1899517, -0.01883217, 0.06179491, 0.3753243, 0.007932723, -0.9247974, -0.02405482, -0.09484471, -0.02209301, 0.3343143, 0.4954953, 0.316702, -0.7364905, 0.1661733, 0.3525224, 0.2413836, -0.8147064, -0.2306145, -0.08562934, 0.5251076;
1.216717, 0.1883324, 0.1957844, -0.02133832, 0.07521865, 0.3774885, 0.01489713, -0.922834, -0.02658802, -0.09193476, -0.02469015, 0.3314855, 0.505465, 0.318271, -0.7302918, 0.1831849, 0.3319764, 0.2319073, -0.8332692, -0.1958962, -0.07912779, 0.510907;
1.239415, 0.1857255, 0.2017724, -0.0230958, 0.07955681, 0.3786081, 0.01476133, -0.9220134, -0.03077535, -0.08840989, -0.02623256, 0.3295824, 0.5178842, 0.3183683, -0.7223663, 0.2025519, 0.3089819, 0.2229576, -0.8453825, -0.180412, -0.09019376, 0.4946161;
1.261103, 0.1837776, 0.2051856, -0.02354977, 0.0819019, 0.3828931, 0.01117448, -0.920087, -0.03541837, -0.08507608, -0.02697334, 0.3231198, 0.5240098, 0.3081782, -0.7252817, 0.2211598, 0.2892341, 0.2129176, -0.8616811, -0.1455292, -0.08638012, 0.4783989;
1.283725, 0.1828276, 0.2066092, -0.02263702, 0.0803894, 0.3893521, 0.009658596, -0.9175234, -0.03810055, -0.08250812, -0.02738116, 0.315589, 0.5282308, 0.3078988, -0.7256542, 0.2363758, 0.2789037, 0.2011985, -0.8659013, -0.1462623, -0.1027347, 0.4671915;
1.306206, 0.1829755, 0.2078071, -0.02064473, 0.07613283, 0.3925042, 0.00825992, -0.9165567, -0.03698611, -0.08078326, -0.02682913, 0.3062476, 0.5261422, 0.3345282, -0.7193592, 0.2481686, 0.2724437, 0.1928849, -0.8600369, -0.1709717, -0.1136293, 0.4671119;
1.328778, 0.1839969, 0.2090724, -0.01804376, 0.07165211, 0.3948599, 0.007401466, -0.9159131, -0.0352963, -0.07868519, -0.02742388, 0.3054439, 0.5233585, 0.3558899, -0.7114368, 0.2560782, 0.2662095, 0.1869255, -0.8726443, -0.1437761, -0.1017479, 0.4554862;
1.350874, 0.1856913, 0.2108545, -0.01558723, 0.06669463, 0.3964372, 0.01349633, -0.9155366, -0.03458237, -0.07603408, -0.02864943, 0.3058431, 0.528053, 0.3606636, -0.7053664, 0.2616051, 0.2606581, 0.1796935, -0.8957791, -0.1003157, -0.0998563, 0.4213613;
1.373695, 0.1879226, 0.2131299, -0.01271216, 0.07231113, 0.3995107, 0.01272888, -0.9137836, -0.03447612, -0.07338899, -0.02920137, 0.305095, 0.5313567, 0.3534678, -0.7068506, 0.2632507, 0.2619734, 0.1767182, -0.9042048, -0.09692068, -0.102205, 0.4032049;
1.396288, 0.1904897, 0.214756, -0.009612182, 0.07949035, 0.4022001, 0.0148248, -0.911974, -0.03347105, -0.07154988, -0.02903326, 0.302085, 0.5312175, 0.3483995, -0.7107534, 0.2639771, 0.2681538, 0.1766751, -0.9013862, -0.1082848, -0.1068666, 0.4054096;
1.417354, 0.193689, 0.215411, -0.006035512, 0.08188824, 0.4043874, 0.01885798, -0.9107193, -0.03099708, -0.07080843, -0.02805114, 0.3007053, 0.5314719, 0.3573442, -0.7066959, 0.2608618, 0.2793111, 0.1819531, -0.9003639, -0.1230939, -0.1140982, 0.4014653;
1.439846, 0.196802, 0.2156656, -0.002275966, 0.08246082, 0.4065713, 0.01986938, -0.9096732, -0.02844667, -0.07081241, -0.02617979, 0.296725, 0.5324495, 0.368057, -0.7021295, 0.2548355, 0.2956922, 0.1910982, -0.8988492, -0.1262241, -0.1196446, 0.4022718;
1.461071, 0.2003176, 0.2153636, 0.002208084, 0.08292381, 0.4102207, 0.02041741, -0.907979, -0.02650905, -0.07081634, -0.02420569, 0.2925275, 0.5354475, 0.3737682, -0.698585, 0.2429867, 0.3185873, 0.2047321, -0.8944545, -0.1202861, -0.1157574, 0.4148285;
1.48356, 0.2035886, 0.2140825, 0.00686529, 0.08162561, 0.4132048, 0.02414412, -0.9066511, -0.02415887, -0.07131074, -0.02165667, 0.2908226, 0.539876, 0.3794679, -0.6927916, 0.2273075, 0.3434555, 0.2204647, -0.8916001, -0.1168598, -0.1061857, 0.4244027;
1.507246, 0.2065866, 0.2121896, 0.01164588, 0.08297952, 0.4172649, 0.02565652, -0.9046249, -0.02175943, -0.07162049, -0.0194127, 0.2906031, 0.5453418, 0.383738, -0.6862196, 0.2111805, 0.3693354, 0.2352878, -0.8871424, -0.1163471, -0.1000614, 0.4352349;
1.527248, 0.2097332, 0.2083454, 0.0170606, 0.0843127, 0.4234067, 0.0250942, -0.9016587, -0.01858321, -0.07266952, -0.01684989, 0.2934223, 0.5535777, 0.382402, -0.6791346, 0.1924246, 0.3991913, 0.2517097, -0.8816421, -0.1154695, -0.09264588, 0.4480968;
1.550988, 0.2131355, 0.202546, 0.0229981, 0.08219084, 0.4271526, 0.02264281, -0.9001514, -0.01472395, -0.07444, -0.01405503, 0.298633, 0.560169, 0.3814618, -0.6719493, 0.1733127, 0.4332494, 0.2708716, -0.8714499, -0.1249241, -0.09221044, 0.4652593;
1.573504, 0.2169066, 0.1943811, 0.02964403, 0.07951795, 0.4298839, 0.01656875, -0.8992231, -0.01031531, -0.07804289, -0.01007132, 0.304197, 0.5642666, 0.3808755, -0.6663342, 0.1510948, 0.4769042, 0.2958903, -0.8389977, -0.1436629, -0.1014858, 0.5149218;
1.595909, 0.2209503, 0.1834897, 0.03659493, 0.07650856, 0.4321223, 0.01146149, -0.8984906, -0.005314136, -0.08342697, -0.005142172, 0.3105723, 0.5661873, 0.3828224, -0.6606238, 0.1275098, 0.5188533, 0.3266539, -0.7998707, -0.1556269, -0.1084362, 0.5694109;
1.618456, 0.2249996, 0.1692291, 0.04377147, 0.07241587, 0.4329067, 0.003647706, -0.8985179, 0.0004770182, -0.09085528, 0.0009047872, 0.3180797, 0.5632936, 0.389475, -0.655618, 0.1045436, 0.5563259, 0.3629717, -0.7473329, -0.1514683, -0.1298026, 0.6337999;
1.642443, 0.2293894, 0.1524679, 0.05108113, 0.07132636, 0.434502, -0.007104884, -0.8978141, 0.007103402, -0.1003157, 0.008159877, 0.3232457, 0.5581716, 0.4012898, -0.6503255, 0.08118412, 0.577103, 0.3962215, -0.708028, -0.1457882, -0.1132816, 0.6816227;
1.664206, 0.2324242, 0.1585523, 0.0539859, -0.00239239, 0.427322, -0.0431769, -0.9030648, 0.01494476, -0.1086909, 0.01529472, 0.3394754, 0.5412717, 0.4148254, -0.6478436, 0.06212017, 0.5825344, 0.4223497, -0.6852894, -0.1117496, -0.06335031, 0.7168523;
1.685084, 0.2335209, 0.1614315, 0.05768038, 0.0694126, 0.4230151, -0.00863294, -0.9034188, 0.01544159, -0.1118058, 0.02372795, 0.3460747, 0.5261759, 0.4014968, -0.6649598, 0.05780887, 0.5670019, 0.4281461, -0.6838351, -0.07642869, -0.03512055, 0.7247723;
1.707629, 0.2316333, 0.1620126, 0.05792986, 0.078146, 0.4264592, 0.0294508, -0.9006433, 0.01293739, -0.1115825, 0.02955837, 0.3155982, 0.54458, 0.3714789, -0.6825202, 0.05429042, 0.542664, 0.4077117, -0.7293642, -0.0811388, 0.05553317, 0.6770232;
1.73009, 0.2324021, 0.1640029, 0.05550337, 0.06031191, 0.4260334, 0.03409404, -0.9020507, 0.01872777, -0.1091731, 0.02985338, 0.3271435, 0.5569808, 0.3816854, -0.6611094, 0.05940184, 0.5336167, 0.3852079, -0.7722759, -0.09224514, 0.04926606, 0.6266208;
1.751711, 0.2330009, 0.1656172, 0.05440814, 0.06712012, 0.4241339, 0.01204241, -0.9030284, 0.02363842, -0.105353, 0.02558943, 0.3594985, 0.5397161, 0.3629246, -0.6691436, 0.06986804, 0.5387899, 0.3737546, -0.7517932, -0.1500587, -0.04904934, 0.6402215;
1.776216, 0.2333829, 0.1683567, 0.05456303, 0.07806585, 0.4260205, 0.006418088, -0.9013163, 0.02174363, -0.1016237, 0.02327672, 0.367055, 0.5320044, 0.3281471, -0.6888842, 0.06996776, 0.5426824, 0.3725389, -0.7452014, -0.1734728, -0.05212088, 0.6417674;
1.796368, 0.2326667, 0.1704387, 0.0552716, 0.08556917, 0.4257963, 0.01453984, -0.9006465, 0.01856736, -0.09942827, 0.0227951, 0.3625103, 0.5414046, 0.3300444, -0.683036, 0.06550417, 0.5468881, 0.3779941, -0.7628735, -0.1378858, -0.009387476, 0.6316039;
1.818681, 0.2328169, 0.1719972, 0.0558811, 0.08736065, 0.4263559, 0.01345456, -0.9002265, 0.01666001, -0.0983381, 0.02569398, 0.3512101, 0.5502826, 0.36745, -0.6624357, 0.06341892, 0.5530702, 0.3848027, -0.7601756, -0.1235426, 0.002613842, 0.6378585;
1.840479, 0.2329674, 0.1725861, 0.05596889, 0.08366437, 0.427814, 0.006770099, -0.8999609, 0.014625, -0.09698739, 0.02841503, 0.3388515, 0.5554795, 0.389066, -0.6521119, 0.06330881, 0.5590337, 0.3860378, -0.7505392, -0.1255945, 0.005065757, 0.6487613;
1.861304, 0.2332837, 0.1722855, 0.05594214, 0.07829094, 0.4308974, 0.004797915, -0.8989855, 0.01344484, -0.0952856, 0.02897049, 0.3333387, 0.5552794, 0.3875767, -0.6559988, 0.06493386, 0.5627953, 0.3805699, -0.748396, -0.1255258, -0.0007478679, 0.651265;
1.88819, 0.2336526, 0.1722578, 0.05575579, 0.07588634, 0.4316716, 0.002903111, -0.8988284, 0.0142969, -0.09402837, 0.02855257, 0.3300606, 0.5515748, 0.3844799, -0.6625711, 0.06702559, 0.5648357, 0.3748346, -0.7548056, -0.1195892, -0.006335982, 0.6449239;
1.90762, 0.2342604, 0.1725079, 0.05532192, 0.07150902, 0.4339467, 0.002079718, -0.8980938, 0.01733621, -0.09238193, 0.02593959, 0.3387019, 0.5492167, 0.3865043, -0.6589813, 0.07077483, 0.5655342, 0.3666332, -0.7564759, -0.1292656, -0.03083966, 0.6403776;
1.930145, 0.2350579, 0.1731052, 0.05481679, 0.06835695, 0.4341709, 0.0008333746, -0.8982329, 0.01856981, -0.09015778, 0.02302272, 0.3456219, 0.5547543, 0.3829311, -0.652807, 0.07148954, 0.5663157, 0.3638895, -0.7474127, -0.1476521, -0.04634813, 0.6460842;
1.951689, 0.2356108, 0.1733448, 0.05474903, 0.06823341, 0.431587, 0.002032129, -0.8994848, 0.01831264, -0.08824468, 0.02065836, 0.3488765, 0.5576708, 0.3737636, -0.6539031, 0.067357, 0.5653313, 0.366181, -0.7472107, -0.1419133, -0.02889002, 0.6486155;
1.97433, 0.2360629, 0.1737271, 0.05465748, 0.06878819, 0.4295109, 0.003176356, -0.9004324, 0.01729546, -0.08735341, 0.01944578, 0.3465973, 0.5608107, 0.3697288, -0.654723, 0.06308277, 0.5633112, 0.3675502, -0.7564569, -0.1268341, -0.003020623, 0.6416205;
1.997463, 0.2364904, 0.1741823, 0.05428936, 0.06830925, 0.4282367, 0.004655411, -0.9010692, 0.01734591, -0.0888102, 0.02060674, 0.3436944, 0.5574855, 0.3755907, -0.6557559, 0.06171707, 0.562547, 0.3693887, -0.7556108, -0.1298076, 0.007305262, 0.6419883;
2.019755, 0.2369877, 0.1743364, 0.05369122, 0.06562075, 0.4265023, 0.007173962, -0.9020744, 0.01827285, -0.08842444, 0.01933523, 0.3414683, 0.5521441, 0.3822939, -0.657562, 0.06306437, 0.5619547, 0.3724427, -0.7530832, -0.1268088, 0.01466306, 0.6454225;
2.045833, 0.2371688, 0.1740054, 0.05343539, 0.06295125, 0.4262271, 0.008515324, -0.902383, 0.01832535, -0.08879244, 0.01900562, 0.3389166, 0.5474827, 0.3836672, -0.6619651, 0.06589106, 0.5608737, 0.373399, -0.7533551, -0.1227454, 0.01239199, 0.6459382;
2.063794, 0.236872, 0.1734383, 0.05326478, 0.06268577, 0.4260003, 0.009620156, -0.9024975, 0.01821902, -0.08922756, 0.01841692, 0.3357015, 0.5449868, 0.3868199, -0.6638255, 0.06902392, 0.560238, 0.3727423, -0.7526157, -0.1270472, -6.891983E-05, 0.6460871;
2.085397, 0.236801, 0.1731337, 0.05333797, 0.06290371, 0.4260249, 0.008859744, -0.9024785, 0.01784388, -0.08972482, 0.01716896, 0.3343805, 0.5449557, 0.390064, -0.6626183, 0.07456491, 0.5583336, 0.374928, -0.7494141, -0.1265848, -0.008721057, 0.6498298;
2.107776, 0.2369504, 0.172446, 0.05275011, 0.05944522, 0.4243731, 0.00940233, -0.9034851, 0.01758879, -0.0898352, 0.01609882, 0.3362955, 0.5452446, 0.3881325, -0.6625457, 0.07743025, 0.5563296, 0.3757918, -0.7489655, -0.1253639, -0.01364287, 0.6504986;
2.130588, 0.2371527, 0.1720688, 0.05287328, 0.05741701, 0.4232734, 0.009293848, -0.904133, 0.01721652, -0.08988521, 0.01532136, 0.3375575, 0.5446175, 0.3851613, -0.6641518, 0.08062884, 0.5537485, 0.3752997, -0.7501718, -0.1253921, -0.01897046, 0.6489678;
2.153094, 0.2372784, 0.1717351, 0.05252926, 0.05445084, 0.4211126, 0.01027017, -0.9053142, 0.01673767, -0.08998673, 0.01431714, 0.336334, 0.5446728, 0.3839921, -0.6654031, 0.08607028, 0.5494213, 0.3742126, -0.7516398, -0.1250528, -0.02899197, 0.6469613;
2.168319, 0.2374156, 0.1717818, 0.05256727, 0.05341187, 0.420684, 0.01047595, -0.905573, 0.01658056, -0.09003665, 0.01400545, 0.3352828, 0.5450012, 0.3839644, -0.6656805, 0.08971706, 0.5462266, 0.371883, -0.752757, -0.1267882, -0.03680575, 0.644924;
2.181015, 0.2374326, 0.1718719, 0.0525912, 0.05314783, 0.4198202, 0.01095436, -0.9059837, 0.01648426, -0.09007899, 0.01360718, 0.33435, 0.5447137, 0.3838113, -0.6664727, 0.09438054, 0.5419445, 0.3679311, -0.7553791, -0.1314556, -0.04685453, 0.640255;
2.193333, 0.237427, 0.1722798, 0.05263313, 0.05273873, 0.4186995, 0.01121356, -0.9065228, 0.01648177, -0.09004693, 0.01336234, 0.3339453, 0.5444089, 0.3832518, -0.6672462, 0.1009941, 0.5361056, 0.3615218, -0.7601305, -0.1364325, -0.05753188, 0.6326752;
2.209247, 0.2374817, 0.1729622, 0.0523207, 0.05152031, 0.4176668, 0.01287862, -0.907047, 0.01630127, -0.09003586, 0.01269756, 0.3328453, 0.5440755, 0.3816659, -0.6689746, 0.1139754, 0.5252549, 0.350647, -0.7684095, -0.1393425, -0.08151036, 0.6192629;
2.222879, 0.2373637, 0.1736741, 0.05201727, 0.05160074, 0.4176454, 0.01464522, -0.9070255, 0.01623398, -0.08997716, 0.01233662, 0.332713, 0.5448147, 0.3796785, -0.6695694, 0.1257005, 0.5155399, 0.3410693, -0.7739158, -0.1419765, -0.1080654, 0.6076338;
2.23786, 0.2372202, 0.1745062, 0.05156595, 0.05161946, 0.4180319, 0.01522736, -0.9068367, 0.01619129, -0.08988297, 0.0119323, 0.3330157, 0.5458491, 0.3774687, -0.6698258, 0.1373878, 0.5053032, 0.3323603, -0.7759583, -0.145867, -0.1335142, 0.5989871;
2.251314, 0.2369354, 0.1758308, 0.05060162, 0.05181117, 0.4179651, 0.01528493, -0.9068556, 0.01606641, -0.08957097, 0.01114897, 0.3340747, 0.5469953, 0.3718283, -0.6715162, 0.1612764, 0.480698, 0.3149979, -0.7820336, -0.1596256, -0.1775413, 0.5756928;
2.268399, 0.2367026, 0.1770129, 0.04958212, 0.05202202, 0.4177708, 0.0148303, -0.9069407, 0.01576609, -0.0891099, 0.01088599, 0.3361703, 0.5477575, 0.3648214, -0.6736889, 0.1753765, 0.4621746, 0.3054772, -0.7859455, -0.1758214, -0.1962102, 0.5593551;
2.283424, 0.2364602, 0.178496, 0.04815716, 0.05191234, 0.4165872, 0.01472619, -0.9074929, 0.01539095, -0.08867247, 0.01084029, 0.3378717, 0.5488754, 0.3600176, -0.6745116, 0.1849213, 0.4388626, 0.2987967, -0.7888052, -0.1864022, -0.2039511, 0.5490396;
2.297816, 0.2361328, 0.180314, 0.04607468, 0.05224872, 0.4139903, 0.01588434, -0.9086418, 0.01476521, -0.08790135, 0.01084237, 0.3401166, 0.550796, 0.3527691, -0.6756467, 0.2063469, 0.399602, 0.2846395, -0.7974306, -0.1995334, -0.2170888, 0.526463;
2.312957, 0.2358719, 0.1822053, 0.04353252, 0.05115614, 0.4102619, 0.01745087, -0.9103646, 0.01397416, -0.08695339, 0.01137664, 0.3427355, 0.5516255, 0.3454128, -0.677445, 0.2274616, 0.3552507, 0.2716336, -0.813503, -0.2045865, -0.2121227, 0.5013594;
2.326736, 0.2352793, 0.1849367, 0.03961304, 0.05132056, 0.4047879, 0.02160598, -0.9127136, 0.01292498, -0.08566034, 0.01195743, 0.3463374, 0.5527797, 0.334523, -0.6801319, 0.256831, 0.286619, 0.2553142, -0.841544, -0.1938356, -0.195926, 0.4645906;
2.341973, 0.2349699, 0.1854215, 0.03960282, 0.05428727, 0.4056515, 0.02533668, -0.9120624, 0.01217316, -0.0847033, 0.01471014, 0.3459336, 0.5496221, 0.3394949, -0.6804327, 0.2542678, 0.276716, 0.2614517, -0.8387138, -0.1763612, -0.1926487, 0.4778519;
2.366408, 0.2339959, 0.1900898, 0.03582862, 0.06386862, 0.40289, 0.03229507, -0.9124458, 0.01009512, -0.08154577, 0.01881143, 0.3502257, 0.5465557, 0.3350224, -0.6829193, 0.2885351, 0.1858409, 0.244088, -0.8507389, -0.1792006, -0.1925229, 0.4550443;
2.38243, 0.2341282, 0.1910398, 0.03839944, 0.07130823, 0.4071942, 0.0304845, -0.9100432, 0.009351203, -0.08065841, 0.02026559, 0.3484076, 0.5434552, 0.3366532, -0.6855168, 0.2811299, 0.1893281, 0.2476059, -0.8566849, -0.1619255, -0.1679069, 0.4600852;
2.398696, 0.2337566, 0.1949802, 0.04070754, 0.08743482, 0.4111482, 0.03563774, -0.9066655, 0.007048141, -0.07788401, 0.02421825, 0.3471126, 0.5385692, 0.3338408, -0.6913801, 0.2855983, 0.1599018, 0.247895, -0.8677905, -0.09990297, -0.1248792, 0.4704937;
2.420076, 0.234211, 0.1984905, 0.04434138, 0.0980457, 0.4136426, 0.04570339, -0.9039901, 0.005044148, -0.07537665, 0.02848, 0.346383, 0.5322474, 0.3340159, -0.6965377, 0.2921662, 0.1388982, 0.250892, -0.8534738, -0.07107864, -0.1331314, 0.498805;
2.441777, 0.2355613, 0.2000056, 0.04864378, 0.09922826, 0.4129254, 0.05538961, -0.9036472, 0.003614736, -0.07333065, 0.03304221, 0.3460142, 0.5253301, 0.3371019, -0.7004747, 0.3002007, 0.1206861, 0.253968, -0.8173851, -0.1296918, -0.1724221, 0.534165;
2.464777, 0.2377229, 0.2008701, 0.05307616, 0.09785528, 0.4120425, 0.05830223, -0.9040167, 0.001916837, -0.07159448, 0.03843731, 0.3462116, 0.517639, 0.3389675, -0.7051868, 0.3041745, 0.1090887, 0.2597414, -0.7560574, -0.1949421, -0.2168224, 0.5859717;
2.485154, 0.2404993, 0.2013003, 0.05813827, 0.09187526, 0.4086788, 0.06195012, -0.9059265, -2.190935E-05, -0.07039046, 0.04497886, 0.3428366, 0.5074856, 0.3384317, -0.7144126, 0.2950822, 0.09674183, 0.2661735, -0.7352357, -0.211314, -0.174159, 0.6200352;
2.507526, 0.2433026, 0.2018657, 0.06329589, 0.08605324, 0.4045193, 0.06783253, -0.9079415, -0.00140106, -0.06960812, 0.05253157, 0.3373832, 0.4965662, 0.3408976, -0.7234524, 0.28138, 0.08152563, 0.2704944, -0.7678721, -0.1650574, -0.07678444, 0.6141927;
2.529507, 0.2461149, 0.2026752, 0.06873565, 0.08425257, 0.4000958, 0.07120517, -0.9098102, -0.002209838, -0.0690579, 0.0607505, 0.3327519, 0.4854835, 0.3431084, -0.7320237, 0.2778375, 0.07448811, 0.2767957, -0.7674085, -0.1312462, -0.07038188, 0.6236225;
2.55119, 0.2489683, 0.2032296, 0.07417497, 0.0804372, 0.3951698, 0.07505883, -0.9119961, -0.00186343, -0.06831443, 0.06944637, 0.3274649, 0.4722474, 0.3430623, -0.7430056, 0.2807224, 0.0753052, 0.2833562, -0.7298172, -0.1730853, -0.1079086, 0.6525061;
2.575037, 0.2514162, 0.2031742, 0.07913923, 0.07350621, 0.3889984, 0.08165142, -0.9146639, 0.0003536507, -0.06754629, 0.07736816, 0.3260078, 0.4574338, 0.3473701, -0.750871, 0.2838735, 0.07506914, 0.2874519, -0.7040572, -0.2014711, -0.1247252, 0.669445;
2.596085, 0.2536008, 0.2030662, 0.08376089, 0.06834666, 0.3826743, 0.08616449, -0.9173139, 0.004240564, -0.06680935, 0.08439751, 0.3283682, 0.4438098, 0.360518, -0.7518204, 0.2878777, 0.07444127, 0.2891114, -0.6830599, -0.2208419, -0.1519352, 0.6793922;
2.616268, 0.2553403, 0.2029958, 0.08786202, 0.06564857, 0.376945, 0.08819418, -0.9196872, 0.00837758, -0.0656593, 0.09060821, 0.3309842, 0.4321381, 0.37174, -0.7520077, 0.2881779, 0.07228649, 0.2889494, -0.6905636, -0.204478, -0.1496906, 0.6774241;
2.638318, 0.2570552, 0.2027138, 0.09155033, 0.06086516, 0.3718888, 0.08843128, -0.9220489, 0.01194765, -0.06427325, 0.0960053, 0.3329366, 0.4233144, 0.3765592, -0.7537647, 0.2865989, 0.06803309, 0.2877018, -0.7176506, -0.1807051, -0.1139385, 0.6628283;
2.659524, 0.2582193, 0.2020333, 0.09439925, 0.05549145, 0.3665559, 0.08871192, -0.9244932, 0.01534795, -0.06282458, 0.1000893, 0.3361706, 0.4159833, 0.3732059, -0.7580663, 0.2876956, 0.06695411, 0.287808, -0.723614, -0.1753216, -0.1073194, 0.6588837;
2.683192, 0.2590316, 0.2015215, 0.09635654, 0.05045351, 0.3638434, 0.08786318, -0.9259333, 0.01788935, -0.06188582, 0.1030472, 0.3403739, 0.4095661, 0.3643263, -0.7639814, 0.29172, 0.06809153, 0.2907684, -0.6933357, -0.2007542, -0.1477981, 0.6761206;
2.710172, 0.2597749, 0.200832, 0.09842366, 0.04760889, 0.3609987, 0.08900558, -0.9270875, 0.020223, -0.06134971, 0.1062786, 0.3439375, 0.4054829, 0.3621892, -0.7655779, 0.2933096, 0.06652799, 0.294041, -0.6629439, -0.2205807, -0.1794891, 0.6925557;
2.726812, 0.2598297, 0.1995327, 0.09921996, 0.0424925, 0.3576264, 0.09166338, -0.9283834, 0.02208469, -0.06182561, 0.108284, 0.3473604, 0.4033408, 0.361315, -0.7655772, 0.2882994, 0.05916214, 0.2966209, -0.6491778, -0.2188529, -0.1821838, 0.705323;
2.749767, 0.2595743, 0.1982044, 0.09933652, 0.03547676, 0.3531673, 0.0938696, -0.9301628, 0.0235434, -0.06336489, 0.109733, 0.3499941, 0.4010829, 0.3593005, -0.7665114, 0.2789909, 0.04799039, 0.2980378, -0.6550421, -0.2037967, -0.1464279, 0.712703;
2.770587, 0.258541, 0.1971008, 0.09816106, 0.03066189, 0.3475857, 0.09246175, -0.9325743, 0.02419091, -0.06650327, 0.1107914, 0.3502223, 0.3947743, 0.3551019, -0.7716218, 0.2683511, 0.03517255, 0.3011441, -0.6393496, -0.2043666, -0.1162255, 0.7320915;
2.793738, 0.2569407, 0.1962999, 0.09631313, 0.02829022, 0.3434015, 0.09035186, -0.9344044, 0.02374937, -0.07102583, 0.1123985, 0.3453334, 0.3892823, 0.3517368, -0.7781295, 0.2598544, 0.02223757, 0.3053925, -0.6009125, -0.2232028, -0.117171, 0.7585221;
2.815885, 0.2547197, 0.196178, 0.09386914, 0.02748015, 0.3377084, 0.08806104, -0.9367194, 0.02247104, -0.0773273, 0.1143802, 0.3372335, 0.3826165, 0.3450506, -0.7879202, 0.2503522, 0.006230378, 0.3101188, -0.5556272, -0.2414415, -0.1297026, 0.7849596;
2.838616, 0.2520304, 0.1966011, 0.09079941, 0.02661273, 0.3311953, 0.08620279, -0.9392394, 0.02011961, -0.08602779, 0.1170237, 0.3243301, 0.3730105, 0.3282459, -0.8049396, 0.2363405, -0.01459185, 0.316179, -0.5063571, -0.2587186, -0.1279224, 0.8125903;
2.860602, 0.2491933, 0.1975078, 0.08726037, 0.02410787, 0.3255818, 0.08217031, -0.941628, 0.01653233, -0.09839901, 0.1203622, 0.3063261, 0.3590142, 0.3013437, -0.8285319, 0.2168814, -0.04311101, 0.3237572, -0.4584265, -0.2680314, -0.09675638, 0.841809;
2.883874, 0.2464126, 0.1988436, 0.08386385, 0.02017239, 0.3207482, 0.07940938, -0.9436142, 0.01167768, -0.1139534, 0.1243858, 0.282488, 0.3484485, 0.2767205, -0.8498293, 0.1967848, -0.07776537, 0.3315878, -0.4078187, -0.2828283, -0.05841377, 0.866187;
2.906592, 0.2438064, 0.2006454, 0.08085604, 0.01772556, 0.3160891, 0.07621346, -0.9454972, 0.005172521, -0.1328402, 0.1290649, 0.2472507, 0.3429281, 0.2614018, -0.8677192, 0.1782245, -0.117829, 0.3400508, -0.3334126, -0.3075495, -0.0275957, 0.8907793;
2.929436, 0.2412644, 0.2024447, 0.07831676, 0.01752611, 0.3128495, 0.07198476, -0.9469088, -0.002619718, -0.1552376, 0.1335556, 0.2089967, 0.3409796, 0.2512183, -0.8814435, 0.1652678, -0.1616871, 0.3474902, -0.2438918, -0.331367, -0.02477244, 0.9110977;
2.951495, 0.2392759, 0.2049446, 0.07620735, 0.01521746, 0.3108614, 0.06456825, -0.9481374, -0.01104312, -0.181934, 0.1379539, 0.1694649, 0.3402869, 0.2513027, -0.8901311, 0.1559916, -0.2083057, 0.3531596, -0.1454313, -0.3442053, -0.02410184, 0.9272494;
2.973467, 0.2378721, 0.2090968, 0.07497253, 0.01115759, 0.3115656, 0.06117189, -0.9481879, -0.02108316, -0.2139194, 0.1420981, 0.1205145, 0.3442981, 0.2584521, -0.8945041, 0.1498478, -0.254763, 0.3494561, -0.09626451, -0.3557237, 0.02127501, 0.9293767;
2.996992, 0.2369972, 0.214281, 0.07487629, 0.01273571, 0.3124179, 0.05629142, -0.94819, -0.03140461, -0.2494624, 0.1446871, 0.06349457, 0.3501191, 0.2616465, -0.8971768, 0.1453884, -0.3000934, 0.3435217, -0.07640174, -0.3747461, 0.07549372, 0.9208848;
3.018165, 0.2364993, 0.2187172, 0.07530032, 0.0138344, 0.3137016, 0.05301579, -0.9479395, -0.04012371, -0.2879713, 0.1446626, -0.000381488, 0.3416944, 0.2521947, -0.9053411, 0.1435468, -0.346535, 0.3404669, -0.04909484, -0.3738743, 0.1358771, 0.9161578;
3.039463, 0.2366884, 0.2210807, 0.07600069, 0.01135629, 0.3150952, 0.05039015, -0.9476534, -0.04685143, -0.3261924, 0.1407323, -0.09330484, 0.3264793, 0.2072434, -0.9174724, 0.1461271, -0.3914245, 0.3393125, 0.01880896, -0.3707932, 0.1761928, 0.9116549;
3.061469, 0.2375594, 0.2207094, 0.0766149, 0.004913058, 0.3165812, 0.04813284, -0.9473307, -0.04707925, -0.3560103, 0.1308418, -0.1426242, 0.3176622, 0.1564475, -0.924269, 0.1544771, -0.4275405, 0.3373095, 0.1446195, -0.377767, 0.1408719, 0.9036219;
3.083046, 0.2393262, 0.2193318, 0.07717986, -0.006087145, 0.3177591, 0.04323694, -0.9471656, -0.04290664, -0.3802398, 0.1181178, -0.1389867, 0.3212383, 0.1464706, -0.9252216, 0.1617029, -0.4618369, 0.3239902, 0.1496518, -0.3804125, 0.1848572, 0.8937106;
