0, -0.1255064, 0.1037337, 0.5076119, -0.1731086, 0.4044014, -0.0524615, -0.8965158, -0.3339623, -0.1620721, 0.5572996, 0.1295637, 0.3373915, 0.1510829, -0.9200838, -0.1865471, -0.1938701, 0.7132846, 0.1469642, 0.4240326, 0.1209618, -0.8854186;
0.01486103, -0.1256311, 0.1040009, 0.506954, -0.1723902, 0.4053661, -0.05250156, -0.8962163, -0.3341374, -0.1617839, 0.5567107, 0.1288893, 0.3377642, 0.1514786, -0.9199767, -0.1868562, -0.1936344, 0.7126179, 0.1469538, 0.4250361, 0.1202273, -0.8850392;
0.02688552, -0.1258123, 0.1041801, 0.5062779, -0.1714321, 0.4062301, -0.05235633, -0.8960173, -0.3341522, -0.161586, 0.5564333, 0.1290143, 0.3378459, 0.1524749, -0.9197646, -0.1871979, -0.1934178, 0.7120342, 0.1473281, 0.4256919, 0.1193775, -0.8847767;
0.03781766, -0.1259768, 0.1043633, 0.5056323, -0.1709017, 0.4074638, -0.05269903, -0.8955382, -0.3344305, -0.1611807, 0.555479, 0.1284034, 0.3381057, 0.1543301, -0.9194451, -0.1875621, -0.1932226, 0.7116823, 0.1480246, 0.4261362, 0.1183308, -0.8845872;
0.04921598, -0.1261662, 0.1044562, 0.504979, -0.1701718, 0.4088768, -0.05283905, -0.8950248, -0.3346617, -0.1608213, 0.554882, 0.1273657, 0.3380521, 0.1556707, -0.9193832, -0.187892, -0.1929705, 0.7114241, 0.1484492, 0.4264938, 0.1178271, -0.8844109;
0.05890803, -0.1263877, 0.1044947, 0.5043133, -0.1696544, 0.4105473, -0.0531415, -0.8943402, -0.3349912, -0.1603129, 0.5542182, 0.1263929, 0.3379715, 0.156431, -0.919418, -0.1882347, -0.1926603, 0.711377, 0.1483212, 0.426947, 0.1175933, -0.8842448;
0.06994526, -0.1267138, 0.1043549, 0.5036261, -0.1692227, 0.4124034, -0.05337644, -0.8935536, -0.335468, -0.1594411, 0.5532898, 0.1269837, 0.3372878, 0.1558655, -0.9196837, -0.1886144, -0.1921377, 0.7115502, 0.1483083, 0.4281456, 0.1171358, -0.883728;
0.08806358, -0.1271928, 0.1041628, 0.5021752, -0.1684387, 0.4160456, -0.05359834, -0.8919987, -0.3358835, -0.1588199, 0.5523779, 0.1277504, 0.336711, 0.1548918, -0.9199533, -0.1893254, -0.1912887, 0.7112272, 0.1499976, 0.4301448, 0.1156208, -0.8826709;
0.09911779, -0.1275675, 0.1038536, 0.5013291, -0.1687133, 0.4182425, -0.05373982, -0.8909103, -0.3369465, -0.1574981, 0.5500392, 0.1285179, 0.3356787, 0.1532519, -0.9204981, -0.1897166, -0.190599, 0.7112318, 0.1533671, 0.4311976, 0.1132769, -0.8818818;
0.1115251, -0.1279793, 0.1032947, 0.5004665, -0.1680274, 0.4214276, -0.05429383, -0.8895043, -0.3376174, -0.1568974, 0.5484872, 0.1286732, 0.3353039, 0.1534401, -0.9205817, -0.1902175, -0.1896856, 0.7112978, 0.1586064, 0.4319724, 0.1098031, -0.8810148;
0.1249094, -0.1289089, 0.102396, 0.4984878, -0.1678249, 0.4283488, -0.05557903, -0.8861507, -0.3386789, -0.1558689, 0.5450429, 0.128244, 0.3323252, 0.1620571, -0.9202451, -0.1916524, -0.1874287, 0.7118052, 0.1659697, 0.4348266, 0.104073, -0.8789475;
0.1441785, -0.1296681, 0.1018323, 0.49689, -0.1677645, 0.4344437, -0.05651668, -0.8831306, -0.3399434, -0.1550533, 0.5421804, 0.1235296, 0.328705, 0.1805509, -0.9187464, -0.1929819, -0.1847347, 0.7122208, 0.1741727, 0.4407734, 0.09848138, -0.8750337;
0.1684886, -0.1316788, 0.100676, 0.492523, -0.1670673, 0.4503685, -0.06063468, -0.8749744, -0.3439113, -0.1501014, 0.5341461, 0.1169598, 0.3211309, 0.214731, -0.914924, -0.1958859, -0.1772714, 0.7131676, 0.1978848, 0.4543052, 0.07954743, -0.8649396;
0.186215, -0.1328793, 0.100804, 0.4905165, -0.1674262, 0.4589795, -0.06195593, -0.8703262, -0.3466712, -0.1449864, 0.528739, 0.1193967, 0.3201567, 0.2296357, -0.9113241, -0.1969101, -0.1718695, 0.7145967, 0.2102344, 0.4604472, 0.07207796, -0.8594153;
0.200965, -0.1353118, 0.1014801, 0.4868533, -0.1669922, 0.4754649, -0.06643348, -0.8611814, -0.352526, -0.1347497, 0.5181093, 0.1228554, 0.3204289, 0.2524572, -0.9047083, -0.1986985, -0.1606587, 0.7181295, 0.2251692, 0.4701284, 0.06507416, -0.8509074;
0.2160509, -0.1370198, 0.1024657, 0.4848948, -0.164734, 0.4866466, -0.06943166, -0.8551123, -0.3573235, -0.1270145, 0.5110443, 0.1208198, 0.3225802, 0.2626981, -0.9012959, -0.1998668, -0.1522025, 0.7211102, 0.2315137, 0.4753648, 0.06149795, -0.8465505;
0.2303568, -0.140157, 0.1044262, 0.4811149, -0.1628891, 0.5074244, -0.07531831, -0.8428017, -0.366117, -0.113557, 0.4983652, 0.1138909, 0.3245747, 0.2885062, -0.8935571, -0.2023195, -0.13707, 0.7256137, 0.2540269, 0.4855594, 0.04210017, -0.835422;
0.2461281, -0.1435913, 0.1067675, 0.4771745, -0.1626017, 0.5280231, -0.08112037, -0.8295612, -0.3754053, -0.09950534, 0.4852459, 0.1062036, 0.3290073, 0.3199334, -0.8821098, -0.2049207, -0.1212192, 0.7298819, 0.2846875, 0.4934373, 0.01531547, -0.8217287;
0.2581972, -0.1476165, 0.110333, 0.4728903, -0.1657867, 0.5503138, -0.08731179, -0.8136622, -0.3867575, -0.08303188, 0.4699624, 0.09260679, 0.3402396, 0.3596392, -0.8638985, -0.2080421, -0.1021908, 0.7348114, 0.3255054, 0.4954346, -0.02056437, -0.8050888;
0.2777152, -0.1520156, 0.1144399, 0.4689035, -0.1705183, 0.5738799, -0.0920835, -0.7956797, -0.3992012, -0.06556236, 0.4532582, 0.07230079, 0.3532117, 0.4019962, -0.8416728, -0.2120748, -0.08087079, 0.7405966, 0.3563422, 0.4899178, -0.04714438, -0.7942155;
0.2987061, -0.1568132, 0.1184928, 0.465449, -0.1764445, 0.5943035, -0.09637314, -0.778706, -0.4118064, -0.04823416, 0.4363123, 0.05215961, 0.3630809, 0.4372306, -0.8211462, -0.2170599, -0.06022806, 0.7455979, 0.3737367, 0.4920754, -0.06553602, -0.7835099;
0.3216074, -0.1614356, 0.1216984, 0.4627876, -0.186006, 0.608332, -0.0978962, -0.7653432, -0.4261839, -0.03125377, 0.4197202, 0.02465234, 0.3726158, 0.4503815, -0.8109909, -0.2243312, -0.04245884, 0.7502336, 0.3764959, 0.5016501, -0.08977781, -0.7736524;
0.3455007, -0.1662954, 0.1235182, 0.4606722, -0.1938525, 0.6168334, -0.1002725, -0.7562296, -0.4405592, -0.01542945, 0.4035426, -0.002974647, 0.3895114, 0.4498798, -0.8036667, -0.2339502, -0.02921597, 0.7543396, 0.3682767, 0.5142675, -0.1182317, -0.7654558;
0.368073, -0.1711854, 0.1240052, 0.4593557, -0.201702, 0.6233028, -0.1050208, -0.7481849, -0.453658, -0.002789735, 0.3882871, -0.02885113, 0.3975069, 0.4591647, -0.7939292, -0.2437937, -0.02064577, 0.7560417, 0.3640454, 0.5292185, -0.1459381, -0.7523967;
0.3899459, -0.1761433, 0.1226944, 0.4582389, -0.2098706, 0.6268296, -0.1108387, -0.7421279, -0.4675712, 0.004249141, 0.3740812, -0.06003647, 0.3976553, 0.4660427, -0.7880801, -0.2545815, -0.01794029, 0.7562246, 0.3660349, 0.5386751, -0.1763701, -0.7380658;
0.4136062, -0.181319, 0.1206659, 0.456728, -0.2156477, 0.6308176, -0.1170059, -0.7361215, -0.4818358, 0.008075755, 0.35962, -0.08091954, 0.4007685, 0.4771814, -0.7779039, -0.2663833, -0.02112423, 0.7559826, 0.3648136, 0.5486486, -0.2066095, -0.7233314;
0.4344717, -0.1870506, 0.1174334, 0.4555423, -0.2186463, 0.6339152, -0.1238005, -0.7314497, -0.4986191, 0.009872214, 0.3448164, -0.09302275, 0.4214337, 0.4776053, -0.7652671, -0.2788253, -0.02917899, 0.7563024, 0.3630159, 0.5563204, -0.2347875, -0.7096491;
0.4571463, -0.1929578, 0.1132891, 0.4547454, -0.2210963, 0.6352084, -0.1301417, -0.7284847, -0.516479, 0.007493877, 0.3297988, -0.09815064, 0.4477925, 0.4613436, -0.759612, -0.2916604, -0.04146967, 0.7574419, 0.3580174, 0.5632434, -0.2513936, -0.7009862;
0.4813786, -0.1989511, 0.108241, 0.4540685, -0.2232089, 0.6361244, -0.135237, -0.7261091, -0.5339119, 0.0007583743, 0.3151794, -0.1129195, 0.462448, 0.4460979, -0.7578837, -0.3042126, -0.05455095, 0.7594127, 0.3391865, 0.5751302, -0.2502409, -0.7011114;
0.5014501, -0.2058417, 0.1015889, 0.4535584, -0.2251927, 0.6360186, -0.1379767, -0.7250731, -0.5512253, -0.01466601, 0.3015352, -0.137464, 0.4642679, 0.4265214, -0.7639623, -0.3173532, -0.0743482, 0.7614323, 0.298082, 0.5946152, -0.2434557, -0.7059102;
0.5251798, -0.213324, 0.093633, 0.45281, -0.2258736, 0.6365824, -0.1378373, -0.7243928, -0.5694088, -0.03400319, 0.2888036, -0.166536, 0.4681756, 0.3965631, -0.7718906, -0.3300657, -0.09935649, 0.761759, 0.2544811, 0.6178772, -0.2495349, -0.7008562;
0.5472468, -0.2209264, 0.08425317, 0.4517745, -0.2295158, 0.6385768, -0.1387971, -0.7213027, -0.5879137, -0.05693812, 0.2767881, -0.1743902, 0.48811, 0.383327, -0.7644587, -0.3421634, -0.1290137, 0.7598791, 0.220653, 0.6387522, -0.2603435, -0.6895863;
0.568424, -0.2282518, 0.07273025, 0.4505356, -0.2357262, 0.6415988, -0.1424975, -0.7158762, -0.6052382, -0.08453802, 0.2663101, -0.1778267, 0.5088009, 0.3856978, -0.7488234, -0.35324, -0.1596271, 0.755635, 0.2146374, 0.6461024, -0.2582115, -0.6854264;
0.5905819, -0.2357543, 0.05962903, 0.4494194, -0.2435098, 0.6438983, -0.1484452, -0.7099732, -0.6204433, -0.1172947, 0.2577722, -0.1912987, 0.515923, 0.3671461, -0.7499546, -0.3648632, -0.1922983, 0.7508438, 0.1947592, 0.6516936, -0.2569756, -0.6865332;
0.6132347, -0.2440109, 0.0456355, 0.4484612, -0.2490678, 0.6467829, -0.1514309, -0.7047737, -0.6334887, -0.1550539, 0.2510736, -0.2060388, 0.5136015, 0.3102585, -0.772982, -0.3760582, -0.2269933, 0.7445514, 0.1503672, 0.661365, -0.2491559, -0.6913084;
0.6362178, -0.2526428, 0.02955703, 0.447541, -0.2532418, 0.651439, -0.1529784, -0.6986369, -0.6460655, -0.1963872, 0.2455059, -0.2224286, 0.5126553, 0.2517781, -0.7901378, -0.3853559, -0.2640426, 0.7356466, 0.1097613, 0.6765432, -0.2468042, -0.6850762;
0.6575898, -0.261133, 0.01204247, 0.4465275, -0.2598025, 0.6571028, -0.1551756, -0.6903905, -0.656256, -0.2416038, 0.2421506, -0.2351559, 0.5088961, 0.2270727, -0.7963445, -0.3919838, -0.3035588, 0.7234274, 0.08402501, 0.6965287, -0.2541432, -0.6657319;
0.6799803, -0.2699044, -0.007035566, 0.445533, -0.266368, 0.6633285, -0.158266, -0.681172, -0.6634411, -0.289087, 0.240827, -0.251022, 0.5043987, 0.1941094, -0.8030514, -0.3971479, -0.3435507, 0.7097975, 0.06573894, 0.7133105, -0.25933, -0.6477765;
0.7024589, -0.2785974, -0.02719968, 0.4444061, -0.275338, 0.6684977, -0.1625712, -0.6714689, -0.6664953, -0.3401816, 0.2415102, -0.2789988, 0.4841706, 0.1406082, -0.817293, -0.4022719, -0.3851097, 0.6969403, 0.03735618, 0.7257596, -0.2703631, -0.6314913;
0.7252784, -0.2865274, -0.04747396, 0.4431968, -0.2840145, 0.6744972, -0.16714, -0.6606463, -0.6642973, -0.3936705, 0.2445882, -0.3101463, 0.446752, 0.1019048, -0.832969, -0.4063662, -0.4272724, 0.684143, 0.01206089, 0.7363725, -0.2807655, -0.6154518;
0.7479553, -0.2937948, -0.06750678, 0.4414793, -0.2890184, 0.6817769, -0.1677542, -0.6507743, -0.6611974, -0.443967, 0.2477452, -0.3305571, 0.4209659, 0.0727336, -0.8415638, -0.409736, -0.4671896, 0.6711127, -0.03000619, 0.7523081, -0.2724, -0.599108;
0.7702111, -0.300107, -0.08580676, 0.4392954, -0.2889083, 0.694864, -0.1671067, -0.6370018, -0.6570362, -0.4927267, 0.2502923, -0.3436204, 0.4071456, 0.03195789, -0.8456572, -0.411748, -0.5066689, 0.6584395, -0.08988162, 0.7637084, -0.2519391, -0.5875351;
0.7938259, -0.3059569, -0.1025107, 0.4368301, -0.2918925, 0.7070051, -0.1607474, -0.6237811, -0.6507554, -0.53962, 0.253177, -0.3463751, 0.3911079, -0.03219604, -0.8520694, -0.4125991, -0.5468219, 0.645177, -0.1359454, 0.7719114, -0.2378421, -0.5736748;
0.813982, -0.310851, -0.1167796, 0.4338007, -0.2932937, 0.7180896, -0.1480653, -0.6135167, -0.642657, -0.5825732, 0.2564653, -0.3405207, 0.3817444, -0.08177589, -0.8553535, -0.4131606, -0.588048, 0.6331838, -0.1780367, 0.7707461, -0.2359859, -0.5644147;
0.8375703, -0.315114, -0.1295851, 0.4311591, -0.287183, 0.7310057, -0.1394528, -0.6030833, -0.6337415, -0.6217735, 0.2603415, -0.3347101, 0.3886873, -0.1259532, -0.8491332, -0.4120023, -0.6263249, 0.6215813, -0.2064098, 0.7686749, -0.2356916, -0.5576588;
0.8588752, -0.3189293, -0.1406736, 0.4284036, -0.2802571, 0.7424966, -0.1285073, -0.594677, -0.6221898, -0.6584767, 0.2653835, -0.3349304, 0.3837337, -0.1597493, -0.8456064, -0.4091405, -0.6597325, 0.6101135, -0.2332211, 0.7621186, -0.2347517, -0.5564843;
0.8819172, -0.3219492, -0.1498899, 0.4255573, -0.2767985, 0.7496453, -0.1151055, -0.5900553, -0.6097533, -0.6906262, 0.2705949, -0.3328753, 0.3757557, -0.1874175, -0.8443201, -0.4055263, -0.6886983, 0.5991218, -0.2793154, 0.7595677, -0.2231252, -0.5433736;
0.9030747, -0.3240749, -0.1577426, 0.4231016, -0.2695205, 0.7570427, -0.106836, -0.5855178, -0.599326, -0.715299, 0.2745328, -0.321197, 0.3867083, -0.2188489, -0.836298, -0.4019668, -0.7132921, 0.5907513, -0.3354933, 0.7526658, -0.2026914, -0.5290129;
0.9263197, -0.3250489, -0.1639603, 0.4213952, -0.2632892, 0.7654481, -0.1039751, -0.5778903, -0.5895885, -0.737106, 0.2780107, -0.3109224, 0.3958103, -0.2526545, -0.8263336, -0.3995051, -0.7373114, 0.5843109, -0.3569448, 0.7436938, -0.2000817, -0.5286561;
0.9470628, -0.3253226, -0.1679327, 0.4201461, -0.2595514, 0.7704653, -0.09903096, -0.5737676, -0.5792022, -0.751436, 0.2812723, -0.304678, 0.3971389, -0.2695433, -0.8226776, -0.3985867, -0.7550851, 0.5813081, -0.3538808, 0.724563, -0.2153504, -0.5508185;
0.9716977, -0.3258016, -0.1705119, 0.4188981, -0.2523046, 0.7733518, -0.08993446, -0.5746139, -0.5689573, -0.7625591, 0.2834207, -0.3114527, 0.3878672, -0.2837705, -0.8197747, -0.3953503, -0.7682155, 0.5782598, -0.3683261, 0.7146707, -0.2148178, -0.5544683;
0.991909, -0.3251476, -0.1691383, 0.4182281, -0.2437494, 0.7756109, -0.08322067, -0.5762711, -0.5609776, -0.76377, 0.2831373, -0.3291641, 0.3681275, -0.2673464, -0.8274412, -0.3906673, -0.7722837, 0.5777386, -0.3821586, 0.7251467, -0.2251706, -0.5267023;
1.014932, -0.3232063, -0.1653659, 0.4176689, -0.2398947, 0.7763872, -0.07916646, -0.5774134, -0.5588876, -0.7591051, 0.2785003, -0.3425129, 0.3564317, -0.255087, -0.8310066, -0.3889429, -0.7707652, 0.5829477, -0.3541418, 0.7275853, -0.2507292, -0.531355;
1.037415, -0.3205247, -0.1579528, 0.4175187, -0.2339124, 0.7750617, -0.07356329, -0.5823682, -0.5642378, -0.7451463, 0.267011, -0.3589042, 0.3550315, -0.2282515, -0.8324913, -0.3908883, -0.758555, 0.5948912, -0.334234, 0.7174969, -0.2707495, -0.5478874;
1.062303, -0.3171757, -0.1479555, 0.4171164, -0.2277833, 0.7728108, -0.06670573, -0.5885819, -0.5711653, -0.7296847, 0.253275, -0.3819375, 0.3503998, -0.199994, -0.8314723, -0.3927584, -0.740926, 0.6065689, -0.3329866, 0.721206, -0.2645241, -0.546817;
1.082075, -0.3123662, -0.1327339, 0.4163729, -0.2227189, 0.7688974, -0.06104529, -0.5962102, -0.5850347, -0.7033445, 0.2346176, -0.3862849, 0.3605212, -0.1794704, -0.8298185, -0.3965022, -0.7149463, 0.621726, -0.3328654, 0.7242099, -0.2558282, -0.5470581;
1.104189, -0.3062748, -0.1141973, 0.4156424, -0.2137522, 0.7670879, -0.0554732, -0.6023362, -0.603978, -0.670329, 0.2145268, -0.377771, 0.3918321, -0.1779931, -0.8198019, -0.402247, -0.6847588, 0.6370184, -0.3119785, 0.7209557, -0.2624022, -0.5603904;
1.126117, -0.2986833, -0.09157781, 0.4143557, -0.1983953, 0.7675881, -0.05102309, -0.6073256, -0.6232623, -0.6312764, 0.1940504, -0.3772509, 0.4241945, -0.1512861, -0.8092301, -0.4084862, -0.6485632, 0.6507639, -0.277218, 0.7250571, -0.2748442, -0.5673649;
1.148058, -0.2895911, -0.06550179, 0.4121225, -0.1803828, 0.7702503, -0.04381299, -0.6101287, -0.6403981, -0.5875337, 0.1745838, -0.3802004, 0.4508361, -0.1265918, -0.797602, -0.415823, -0.6062386, 0.6632808, -0.2594281, 0.7333294, -0.2694571, -0.5677305;
1.170942, -0.2799675, -0.03870742, 0.4095365, -0.1620475, 0.7723771, -0.03444643, -0.6131784, -0.6541052, -0.5370283, 0.1584965, -0.3678816, 0.4676429, -0.1186118, -0.7949242, -0.423785, -0.5605053, 0.6744035, -0.2501347, 0.7396586, -0.2591651, -0.5684815;
1.19387, -0.2695332, -0.0111161, 0.4071873, -0.1419699, 0.7760714, -0.02569078, -0.61392, -0.6653748, -0.4852359, 0.1453171, -0.3572209, 0.4777537, -0.1041474, -0.7958002, -0.4308109, -0.5125071, 0.6831787, -0.2198356, 0.7482063, -0.2639326, -0.5676259;
1.214053, -0.258186, 0.01760468, 0.4043148, -0.1212349, 0.781579, -0.01396291, -0.6117528, -0.6751518, -0.4303675, 0.1347579, -0.3535988, 0.4875619, -0.07965766, -0.7942959, -0.4372243, -0.46208, 0.6904235, -0.1740177, 0.7583141, -0.2743821, -0.5651478;
1.236686, -0.2465727, 0.04590669, 0.4018126, -0.1018621, 0.7874423, -0.0003126742, -0.6079133, -0.6829227, -0.3743353, 0.126446, -0.3511962, 0.4931701, -0.05111813, -0.794249, -0.443967, -0.4098805, 0.6973572, -0.1412555, 0.7636673, -0.2801996, -0.5642227;
1.258757, -0.2348783, 0.07196074, 0.3999943, -0.083209, 0.7906361, 0.01187592, -0.6064897, -0.6886208, -0.3163849, 0.1199822, -0.3493706, 0.4957767, -0.02716346, -0.7946117, -0.4499747, -0.3548128, 0.7033905, -0.1134643, 0.7700441, -0.2809502, -0.5614489;
1.283224, -0.2233924, 0.09591548, 0.3985792, -0.06544077, 0.7929201, 0.02311998, -0.60536, -0.6926402, -0.2585561, 0.1143923, -0.3476738, 0.4966132, 0.001579246, -0.795296, -0.4548077, -0.2998471, 0.7090188, -0.08772318, 0.7779791, -0.2809369, -0.5550925;
1.304912, -0.2122261, 0.1168167, 0.3975773, -0.05066027, 0.7945091, 0.03246038, -0.6042641, -0.6951843, -0.200378, 0.1091869, -0.345559, 0.4999496, 0.02585275, -0.7937071, -0.4588864, -0.245224, 0.7147776, -0.05576635, 0.7794108, -0.2875453, -0.553829;
1.328259, -0.2010901, 0.1358084, 0.3966524, -0.03750351, 0.7952842, 0.04211972, -0.603608, -0.6969948, -0.1439868, 0.1035804, -0.34804, 0.5081531, 0.05374822, -0.7859769, -0.462281, -0.1921784, 0.7206609, -0.0199571, 0.7783248, -0.2960352, -0.5533312;
1.348258, -0.1902535, 0.1514081, 0.3961922, -0.02637463, 0.7956651, 0.04835276, -0.6032276, -0.6958001, -0.08871591, 0.0992302, -0.3557838, 0.5125427, 0.0901651, -0.7762655, -0.4642666, -0.1403058, 0.7261893, 0.01405014, 0.7752508, -0.3087606, -0.5508681;
1.371078, -0.1796219, 0.1642748, 0.3955412, -0.01394871, 0.7958541, 0.05526344, -0.6027999, -0.6920079, -0.03336715, 0.0960205, -0.3560909, 0.5154095, 0.1211769, -0.7699795, -0.4642777, -0.08983923, 0.731318, 0.04029858, 0.7720307, -0.3231884, -0.5457966;
1.392746, -0.169338, 0.1739016, 0.3951049, -0.001492268, 0.7976348, 0.06280272, -0.5998603, -0.6864328, 0.0215648, 0.09351654, -0.3505643, 0.5276777, 0.1488362, -0.7592817, -0.462089, -0.04151641, 0.7360647, 0.06526081, 0.7721428, -0.3392489, -0.5333355;
1.4158, -0.1595601, 0.1818592, 0.394758, 0.01243041, 0.7987895, 0.06987368, -0.5974099, -0.6780817, 0.07380944, 0.09186758, -0.3480953, 0.5366992, 0.1684855, -0.7499309, -0.4592025, 0.003895256, 0.7414551, 0.09434165, 0.7670958, -0.3596091, -0.522824;
1.436894, -0.1502531, 0.1875605, 0.3947189, 0.02572113, 0.7992693, 0.07774255, -0.5953681, -0.6663374, 0.122076, 0.09094418, -0.3518368, 0.5431836, 0.1966211, -0.7365478, -0.4565462, 0.04735307, 0.7482882, 0.1275608, 0.7543418, -0.3781198, -0.5212696;
1.459899, -0.1415917, 0.1917657, 0.3948447, 0.03856856, 0.799879, 0.08469613, -0.5929018, -0.651185, 0.1658667, 0.09087293, -0.3638507, 0.5439087, 0.227511, -0.7211205, -0.4540405, 0.08807567, 0.7565013, 0.1490881, 0.7350401, -0.3966358, -0.5293098;
1.481557, -0.1338071, 0.1942456, 0.3954689, 0.05287168, 0.8008997, 0.09290463, -0.5891799, -0.6336933, 0.2047908, 0.09158134, -0.3794905, 0.5454201, 0.2511519, -0.7038656, -0.4498735, 0.1245366, 0.7647195, 0.1738622, 0.7076869, -0.4250958, -0.5368844;
1.504479, -0.1265357, 0.1963509, 0.3962369, 0.06541499, 0.8014396, 0.1001427, -0.5859923, -0.6156082, 0.241374, 0.09273089, -0.3911347, 0.5503398, 0.2738028, -0.6849612, -0.4439101, 0.1590468, 0.771848, 0.2082215, 0.6749597, -0.4569157, -0.5406489;
1.527344, -0.1199494, 0.1979612, 0.3970011, 0.0774919, 0.8025417, 0.1086646, -0.5814756, -0.596688, 0.275249, 0.0944037, -0.397313, 0.5595466, 0.2945108, -0.6650665, -0.4366146, 0.1930206, 0.7772934, 0.242055, 0.6426281, -0.4760827, -0.5493485;
1.548447, -0.1139495, 0.1992848, 0.3979913, 0.0878782, 0.8045036, 0.1155653, -0.5759307, -0.5771227, 0.3064585, 0.0963963, -0.4034099, 0.5692762, 0.3137076, -0.6440284, -0.4286244, 0.2261081, 0.78099, 0.2660917, 0.6127166, -0.4888194, -0.5610964;
1.571246, -0.1086208, 0.2003956, 0.3994245, 0.09636558, 0.8067603, 0.1219948, -0.5700604, -0.5561202, 0.3313596, 0.09955379, -0.4133337, 0.5718069, 0.3332776, -0.6253945, -0.4189138, 0.2559157, 0.7820122, 0.2918784, 0.5786055, -0.5011968, -0.5734323;
1.5934, -0.1036649, 0.2012109, 0.4010927, 0.1019771, 0.8088185, 0.1261173, -0.5652502, -0.5362104, 0.3541771, 0.1025644, -0.4231237, 0.5780917, 0.3538413, -0.6013091, -0.4086581, 0.2838695, 0.7818763, 0.3238804, 0.540722, -0.5089138, -0.5862833;
1.61524, -0.09923027, 0.2015165, 0.402976, 0.1039073, 0.8112984, 0.1300869, -0.5604244, -0.517635, 0.374508, 0.1049365, -0.4328934, 0.5899438, 0.3735648, -0.5701044, -0.3982629, 0.3093467, 0.7803218, 0.356782, 0.5000551, -0.5102475, -0.6019129;
1.637351, -0.09534277, 0.2012703, 0.4050683, 0.1055535, 0.8134301, 0.1331467, -0.5562931, -0.5004233, 0.3906644, 0.1058304, -0.4549757, 0.5984263, 0.3983611, -0.5255392, -0.3876552, 0.3309312, 0.7776618, 0.3903648, 0.4511456, -0.5127842, -0.6173617;
1.660977, -0.09153015, 0.2008758, 0.4073183, 0.104931, 0.8152174, 0.1351419, -0.5533052, -0.4835485, 0.4058072, 0.1062868, -0.4750597, 0.6056554, 0.4206991, -0.4801167, -0.3769234, 0.3495058, 0.7737494, 0.4325305, 0.4007954, -0.516923, -0.620541;
1.68308, -0.0878249, 0.1998893, 0.4099238, 0.1030978, 0.8159977, 0.1370011, -0.5520411, -0.4672063, 0.4205718, 0.1075166, -0.4818172, 0.6146371, 0.4450561, -0.4381763, -0.3664633, 0.367233, 0.7655741, 0.4618071, 0.3789494, -0.4881896, -0.6362409;
1.70499, -0.08424123, 0.1977734, 0.4126294, 0.1015604, 0.816251, 0.1379449, -0.5517164, -0.4517604, 0.4340661, 0.1087855, -0.4735578, 0.63257, 0.4678644, -0.3958549, -0.3557329, 0.3810681, 0.7556847, 0.4879533, 0.3638968, -0.4426699, -0.6584256;
1.728149, -0.08068908, 0.1948895, 0.4151918, 0.1005397, 0.816666, 0.1405276, -0.5506364, -0.437223, 0.4453262, 0.109999, -0.4646021, 0.6473392, 0.4946369, -0.3470319, -0.3448975, 0.3903493, 0.7475786, 0.5213125, 0.3392597, -0.4126681, -0.6654631;
1.749869, -0.07717121, 0.1912705, 0.4177309, 0.101967, 0.8169458, 0.1449678, -0.5488048, -0.4234831, 0.4542782, 0.1112338, -0.4575139, 0.6553845, 0.5268582, -0.2890895, -0.3350045, 0.3948995, 0.7405359, 0.5604759, 0.3022369, -0.3880797, -0.6662686;
1.771348, -0.07362551, 0.1858864, 0.4200889, 0.1027728, 0.8169848, 0.1504759, -0.5471111, -0.4102948, 0.4601814, 0.1131824, -0.4455169, 0.6598441, 0.5617161, -0.2249344, -0.3259576, 0.3974459, 0.7338426, 0.6058772, 0.254683, -0.3498583, -0.6675692;
1.793588, -0.07042017, 0.1778051, 0.4219786, 0.1019434, 0.8180746, 0.1572864, -0.5437117, -0.3966644, 0.4635059, 0.1163208, -0.4331523, 0.6554011, 0.5979775, -0.1589069, -0.3167498, 0.3983908, 0.7269138, 0.6504832, 0.1940987, -0.305114, -0.6679093;
1.81586, -0.06744479, 0.1686585, 0.4232727, 0.1008589, 0.8182723, 0.160717, -0.5426122, -0.3826503, 0.4649002, 0.1205737, -0.413591, 0.6488245, 0.6320876, -0.09184038, -0.3054004, 0.3941123, 0.7214488, 0.6718572, 0.126997, -0.2702136, -0.6778379;
1.837946, -0.06479773, 0.1583395, 0.4238279, 0.1007701, 0.8170201, 0.1655693, -0.5430565, -0.3689599, 0.4646403, 0.1250077, -0.3943507, 0.6420349, 0.6571297, -0.021432, -0.2935446, 0.3842055, 0.7164744, 0.6975386, 0.07378707, -0.2500406, -0.6674392;
1.860933, -0.06258224, 0.1467136, 0.4236569, 0.1006785, 0.8157594, 0.1678156, -0.5442778, -0.353822, 0.462059, 0.1303082, -0.3657652, 0.6271057, 0.6848958, 0.06222643, -0.2817109, 0.367749, 0.71177, 0.7294931, 0.01280383, -0.2435801, -0.6390185;
1.882387, -0.06079847, 0.1345067, 0.4231933, 0.1030915, 0.8146598, 0.1684188, -0.5452859, -0.3367488, 0.4565956, 0.1387312, -0.3245721, 0.6125553, 0.7079049, 0.1352762, -0.2690312, 0.3521319, 0.7052447, 0.7443579, -0.03708089, -0.210519, -0.6326438;
1.904618, -0.05940011, 0.1224076, 0.4221816, 0.1050977, 0.8129128, 0.1665397, -0.5480801, -0.319642, 0.4485204, 0.1492759, -0.2795812, 0.5919994, 0.7267774, 0.2077641, -0.2541829, 0.3361295, 0.6964468, 0.754576, -0.07137734, -0.1482093, -0.6352593;
1.926754, -0.05824203, 0.1111767, 0.4209513, 0.1046291, 0.810968, 0.1647482, -0.5515811, -0.2989561, 0.4331223, 0.1662848, -0.1989277, 0.5919287, 0.7394376, 0.2515554, -0.2347142, 0.3118058, 0.6875073, 0.7567337, -0.088678, -0.07215689, -0.6436487;
1.949995, -0.05744034, 0.1007156, 0.4201051, 0.103243, 0.8079534, 0.165262, -0.5560942, -0.2767157, 0.4100497, 0.1841799, -0.110813, 0.5854983, 0.7619894, 0.2535436, -0.2180299, 0.2849512, 0.6822321, 0.7613028, -0.1140969, -0.02913311, -0.6376137;
1.972824, -0.05712327, 0.08982114, 0.4195234, 0.1021705, 0.8031011, 0.1624568, -0.5640901, -0.2560131, 0.3860466, 0.1978644, -0.03674537, 0.5819439, 0.7661287, 0.2702551, -0.2056752, 0.2566137, 0.6797379, 0.7717452, -0.164701, -0.02166792, -0.6138513;
1.99415, -0.05725648, 0.0799462, 0.4196203, 0.09791982, 0.7976458, 0.1590921, -0.5734654, -0.237547, 0.3618589, 0.2068048, 0.00335502, 0.5695166, 0.7507256, 0.3347397, -0.1956292, 0.2292006, 0.6803654, 0.7742915, -0.218655, -0.03005234, -0.5930932;
2.01614, -0.05776877, 0.07100815, 0.4206938, 0.09041137, 0.7876517, 0.1581281, -0.5885798, -0.2217371, 0.333179, 0.216096, 0.0373325, 0.5484005, 0.7472112, 0.3735487, -0.1854022, 0.2045668, 0.6815995, 0.7625635, -0.2270721, -0.02568334, -0.605207;
2.038341, -0.05892116, 0.06273586, 0.4234058, 0.0856756, 0.7700915, 0.1534924, -0.6132364, -0.2102829, 0.3054111, 0.2259067, 0.06172538, 0.5408185, 0.7533182, 0.3690758, -0.1746902, 0.1829039, 0.6807888, 0.7616451, -0.1958511, -0.004443571, -0.6176726;
2.061249, -0.0606965, 0.05550693, 0.4271275, 0.07566765, 0.7454407, 0.1480732, -0.6454974, -0.2013206, 0.283648, 0.2339748, 0.09640551, 0.5291361, 0.7546907, 0.3757165, -0.1656877, 0.166782, 0.6829925, 0.760927, -0.1905808, -0.002889342, -0.6202102;
2.083189, -0.06268288, 0.05051095, 0.4323466, 0.06255145, 0.7132548, 0.1461397, -0.6826405, -0.1955596, 0.2683859, 0.2399614, 0.1205183, 0.5210937, 0.7450268, 0.3985871, -0.1585216, 0.1586102, 0.6880496, 0.7577744, -0.2333891, -0.03471817, -0.6083603;
2.106704, -0.06432516, 0.04676102, 0.4383549, 0.05149209, 0.6773921, 0.1464503, -0.7190555, -0.1924078, 0.258424, 0.2472325, 0.1331664, 0.5172351, 0.742895, 0.4035364, -0.1443643, 0.1562958, 0.6906109, 0.7561671, -0.2476297, -0.04616521, -0.6039533;
2.128665, -0.06603707, 0.04483084, 0.4439704, 0.03294111, 0.6360565, 0.153828, -0.7554363, -0.1914636, 0.2544469, 0.2555679, 0.1525928, 0.5047952, 0.7503636, 0.398562, -0.1312293, 0.1564367, 0.6935343, 0.7520897, -0.24841, -0.04474336, -0.6088116;
2.14985, -0.06717905, 0.04520905, 0.4496069, 0.02070806, 0.5899528, 0.1555226, -0.7920478, -0.1915118, 0.2562969, 0.2627466, 0.1795905, 0.4999965, 0.7549759, 0.3843985, -0.1188802, 0.1633424, 0.6962667, 0.7547211, -0.2737685, -0.06768287, -0.5923393;
2.172251, -0.06728432, 0.0469057, 0.4549493, 0.01270034, 0.5477495, 0.1464369, -0.8236294, -0.1938509, 0.2645629, 0.2679831, 0.191336, 0.5102582, 0.7519607, 0.3709208, -0.1052744, 0.1732742, 0.6990536, 0.7529963, -0.3134125, -0.09625042, -0.5705305;
2.194479, -0.06685005, 0.05104611, 0.4589179, -0.002003154, 0.5066732, 0.1378342, -0.8510465, -0.1990769, 0.2771994, 0.2729113, 0.194311, 0.5159703, 0.7472569, 0.3709785, -0.0893608, 0.1854154, 0.7008405, 0.7519801, -0.337683, -0.1131503, -0.554701;
2.217073, -0.06612227, 0.05809084, 0.4622872, -0.01410684, 0.4640183, 0.1309185, -0.8759843, -0.2065614, 0.2924227, 0.2781726, 0.2078747, 0.5164535, 0.7498214, 0.3575359, -0.07265437, 0.1997059, 0.7025523, 0.750487, -0.3526546, -0.129273, -0.5437762;
2.239075, -0.06434703, 0.06848712, 0.4647047, -0.020791, 0.4278691, 0.1166598, -0.8960392, -0.2176841, 0.3132928, 0.2825585, 0.2115917, 0.5257625, 0.7531366, 0.334048, -0.05520265, 0.2168542, 0.7060449, 0.7412211, -0.3780728, -0.157406, -0.5318605;
2.261925, -0.06325198, 0.08106709, 0.4663395, -0.02533366, 0.3992514, 0.1111119, -0.9097311, -0.2311488, 0.3370961, 0.2862325, 0.2079638, 0.5407856, 0.7538074, 0.3099619, -0.03801392, 0.234768, 0.7102475, 0.7331716, -0.4028468, -0.1799702, -0.5174791;
2.283957, -0.0624214, 0.09577315, 0.4675821, -0.02460544, 0.3752432, 0.1094385, -0.9201143, -0.2464673, 0.3632565, 0.2895321, 0.2066872, 0.5605665, 0.7531047, 0.2754612, -0.02282862, 0.2536002, 0.716181, 0.7273737, -0.4168637, -0.209481, -0.5032592;
2.306385, -0.06155403, 0.111286, 0.4687375, -0.02235238, 0.3542383, 0.1069009, -0.9287561, -0.2651184, 0.3901439, 0.2938735, 0.1983125, 0.5761745, 0.7570447, 0.2357506, -0.007991664, 0.2737542, 0.7249085, 0.7154915, -0.4260865, -0.2398762, -0.4989806;
2.328679, -0.06065484, 0.1269095, 0.4695882, -0.02186631, 0.3369649, 0.1034832, -0.9355574, -0.2877864, 0.4166151, 0.2996296, 0.1809466, 0.5861, 0.7655999, 0.1939123, 0.007102814, 0.2951117, 0.7366812, 0.6951317, -0.4240663, -0.2698083, -0.5139681;
2.351128, -0.06000956, 0.1413297, 0.4704554, -0.02085152, 0.3212101, 0.09954172, -0.9415311, -0.3142821, 0.4418057, 0.3060145, 0.1540157, 0.5979925, 0.7726296, 0.147403, 0.02187423, 0.3158364, 0.7511989, 0.6694934, -0.4133978, -0.3032938, -0.5374884;
2.374243, -0.05945109, 0.1541091, 0.4712657, -0.01950819, 0.3068972, 0.09665551, -0.946621, -0.3405937, 0.4640405, 0.3132935, 0.1375344, 0.6110065, 0.7762509, 0.07204091, 0.03666435, 0.3340613, 0.76566, 0.6472256, -0.4047844, -0.3346307, -0.5525132;
2.395677, -0.05916117, 0.1642457, 0.4715948, -0.01984041, 0.2926664, 0.09527162, -0.9512498, -0.3688295, 0.4821659, 0.3221917, 0.125833, 0.6209048, 0.7724926, -0.04357215, 0.05250563, 0.3499605, 0.7816746, 0.6177965, -0.394896, -0.3606842, -0.5764473;
2.41922, -0.0586811, 0.1721758, 0.4715486, -0.02082055, 0.2789442, 0.0945323, -0.9554163, -0.3958847, 0.4969983, 0.3304944, 0.0973108, 0.6225474, 0.7629104, -0.1446828, 0.06920751, 0.3637964, 0.7984875, 0.583814, -0.3776548, -0.3808099, -0.609526;
2.441013, -0.05843543, 0.1775886, 0.4713488, -0.0223464, 0.266663, 0.09189308, -0.9591388, -0.4239414, 0.505797, 0.3410138, 0.07061928, 0.6074261, 0.7514334, -0.2477786, 0.08535756, 0.3730061, 0.8169671, 0.5456421, -0.3515037, -0.4100828, -0.6407433;
2.463188, -0.0584974, 0.1806912, 0.4710909, -0.02559686, 0.2546624, 0.08812086, -0.9626664, -0.4490836, 0.5037273, 0.3524413, 0.05388431, 0.5807597, 0.7333169, -0.3493723, 0.1023022, 0.3755622, 0.8368432, 0.4932444, -0.3193205, -0.4457617, -0.6753079;
2.488313, -0.05833949, 0.1828653, 0.4711939, -0.02873945, 0.2432046, 0.08428719, -0.9658785, -0.4733435, 0.501165, 0.3633559, 0.03709253, 0.5548255, 0.7124069, -0.4280995, 0.1207845, 0.3771845, 0.8549571, 0.4361293, -0.2935976, -0.4638367, -0.7130548;
2.507204, -0.05837308, 0.1833835, 0.4716117, -0.03209528, 0.2290233, 0.08126781, -0.9694915, -0.4956769, 0.491704, 0.3752331, 0.02767087, 0.5290099, 0.6912516, -0.4914815, 0.1385945, 0.372216, 0.8693094, 0.3974415, -0.262613, -0.4669808, -0.7449856;
2.528392, -0.05824675, 0.1819433, 0.4726042, -0.0376021, 0.2141215, 0.0785151, -0.9729201, -0.5176758, 0.4779217, 0.3877007, 0.01580144, 0.511349, 0.6596843, -0.5505353, 0.1540184, 0.3620106, 0.8796695, 0.384794, -0.2328538, -0.4784281, -0.7542011;
2.550961, -0.05809408, 0.1804961, 0.4741288, -0.04286058, 0.1984018, 0.07338279, -0.9764296, -0.5392854, 0.4594412, 0.4006079, 0.002445742, 0.4979942, 0.6218477, -0.6044015, 0.1692705, 0.347317, 0.8878536, 0.3668224, -0.1992871, -0.4911753, -0.7645082;
2.572602, -0.05804362, 0.1785991, 0.4766867, -0.04838505, 0.1821939, 0.06756602, -0.9797444, -0.5599647, 0.4358486, 0.4149669, -0.01318813, 0.4863267, 0.5892156, -0.6450871, 0.1848126, 0.3282206, 0.8934832, 0.3301902, -0.1543164, -0.4837892, -0.7956814;
2.595371, -0.05820586, 0.176838, 0.4800312, -0.05421778, 0.1650641, 0.06486723, -0.9826528, -0.5769724, 0.4044286, 0.4323134, -0.02645088, 0.4613916, 0.5721693, -0.6775252, 0.1985996, 0.3038642, 0.8943232, 0.2863533, -0.09359008, -0.4542521, -0.83839;
2.618293, -0.05853221, 0.1750777, 0.4840676, -0.06264218, 0.1484106, 0.0638719, -0.9848709, -0.5916654, 0.3693821, 0.4518957, -0.03662836, 0.4221978, 0.5433532, -0.7246894, 0.2075034, 0.2781334, 0.8893339, 0.2894204, -0.04248556, -0.4434462, -0.8472227;
2.639903, -0.05922337, 0.1729903, 0.4886915, -0.07216083, 0.1332315, 0.061177, -0.9865595, -0.6019523, 0.3254139, 0.4737779, -0.04840604, 0.3708225, 0.4980584, -0.7823588, 0.2121751, 0.2470893, 0.8740948, 0.3355994, -0.007888742, -0.4240201, -0.8411407;
2.662328, -0.06021006, 0.1708616, 0.4940205, -0.08471496, 0.1199974, 0.05889193, -0.9873985, -0.6064845, 0.275467, 0.4962026, -0.040116, 0.3170314, 0.471449, -0.8219597, 0.2183511, 0.2153662, 0.8603044, 0.3131981, 0.03406985, -0.3509744, -0.8817954;
2.685193, -0.06099484, 0.1685364, 0.4998907, -0.09725782, 0.1085526, 0.055623, -0.9877567, -0.6108593, 0.2194913, 0.5202349, -0.03472258, 0.2639357, 0.4284186, -0.8634754, 0.2254363, 0.181658, 0.8492665, 0.3000923, 0.06859292, -0.2888009, -0.9065504;
2.706735, -0.06191499, 0.1654062, 0.5069004, -0.108417, 0.09558284, 0.05807801, -0.9877939, -0.614711, 0.1477929, 0.5495732, -0.05379537, 0.1910857, 0.3621954, -0.9107177, 0.2293237, 0.1382415, 0.8417928, 0.2901225, 0.08944289, -0.2743526, -0.912447;
2.730551, -0.06301101, 0.1617827, 0.5146167, -0.114846, 0.08099761, 0.06411713, -0.9879974, -0.6087823, 0.07678045, 0.5731134, -0.07271589, 0.1163627, 0.3087176, -0.9412043, 0.2318583, 0.09110455, 0.8419096, 0.2552975, 0.09661908, -0.2839623, -0.9191591;
2.752376, -0.06395615, 0.1579832, 0.5233477, -0.1164886, 0.06731501, 0.06708124, -0.9886351, -0.6005321, 0.003381775, 0.5963745, -0.1001333, 0.07046796, 0.2633486, -0.9568987, 0.233926, 0.03909702, 0.842522, 0.2078206, 0.09824135, -0.2965098, -0.9269527;
2.77405, -0.06447192, 0.1528811, 0.5321279, -0.1143915, 0.0548837, 0.06633624, -0.9896979, -0.5873964, -0.07243895, 0.6185555, -0.1379485, 0.02779515, 0.2289263, -0.9632187, 0.2350469, -0.01534174, 0.8392776, 0.1662366, 0.1162522, -0.3018344, -0.9315293;
2.796677, -0.06525978, 0.1454996, 0.5399603, -0.1118865, 0.03873906, 0.07186973, -0.9903613, -0.5673987, -0.147781, 0.6365969, -0.181104, -0.02610008, 0.199248, -0.9627151, 0.2342128, -0.06883547, 0.8372708, 0.1040729, 0.1582288, -0.2625224, -0.9461578;
2.818399, -0.06633251, 0.136122, 0.5469468, -0.1086749, 0.01951698, 0.08210212, -0.9904888, -0.5433064, -0.2167065, 0.6494804, -0.2155015, -0.06903081, 0.1676309, -0.9595279, 0.2329935, -0.1209965, 0.8359395, 0.04928777, 0.1888864, -0.2083667, -0.9583715;
2.841839, -0.06724235, 0.1246237, 0.5541239, -0.09797967, 0.001123666, 0.08413624, -0.9916248, -0.5173621, -0.2817764, 0.6620621, -0.2470558, -0.1064181, 0.1278813, -0.9546125, 0.232305, -0.1750247, 0.8333892, -0.003182698, 0.1936124, -0.1835115, -0.963757;
2.863591, -0.06830661, 0.1108676, 0.5610161, -0.08280419, -0.01903773, 0.08505972, -0.9927467, -0.4851305, -0.34026, 0.6703937, -0.2675569, -0.1511218, 0.08359323, -0.9479387, 0.229087, -0.2292541, 0.8296758, -0.05836254, 0.1902747, -0.1805079, -0.963227;
2.886262, -0.06930887, 0.09413151, 0.5673034, -0.0669985, -0.03855037, 0.08362415, -0.9934949, -0.4522919, -0.3955228, 0.6770219, -0.2892063, -0.2001605, 0.03515294, -0.9354463, 0.2213744, -0.280825, 0.821968, -0.1014412, 0.2094281, -0.1624816, -0.9588792;
2.90888, -0.07064933, 0.07685166, 0.5735129, -0.05492154, -0.05814062, 0.08347297, -0.9932953, -0.4209709, -0.4486452, 0.6822497, -0.3087792, -0.2400958, 0.02293911, -0.9200453, 0.2105641, -0.3314874, 0.8115145, -0.1469611, 0.2521798, -0.1403862, -0.946097;
2.930334, -0.07198137, 0.0579934, 0.5800064, -0.04029007, -0.07646529, 0.0786318, -0.99315, -0.392848, -0.4985757, 0.686506, -0.3286872, -0.2751782, 0.006598463, -0.9034368, 0.2016044, -0.3823889, 0.8019249, -0.1988987, 0.2846483, -0.1260848, -0.9292563;
2.953031, -0.0734231, 0.0377505, 0.5858604, -0.02699561, -0.09203319, 0.07372728, -0.9926558, -0.3697566, -0.5443706, 0.6918824, -0.3397443, -0.2999678, -0.03967731, -0.8905161, 0.1955058, -0.430497, 0.7962928, -0.2289758, 0.2822879, -0.1295012, -0.9225579;
2.97618, -0.07564615, 0.01665914, 0.5905677, -0.0175209, -0.1074162, 0.07322587, -0.9913591, -0.3500461, -0.5895804, 0.6993299, -0.3539578, -0.3003443, -0.08397942, -0.8817339, 0.1896372, -0.4772114, 0.7918432, -0.2697321, 0.2813279, -0.1158639, -0.9136053;
2.996984, -0.07792091, -0.004246036, 0.5950769, -0.01104056, -0.1205535, 0.06791554, -0.9903194, -0.3308155, -0.6331637, 0.7051332, -0.3700402, -0.2984585, -0.1016542, -0.873876, 0.1843945, -0.5201827, 0.7841664, -0.2987121, 0.3072186, -0.09777357, -0.8982361;
3.01992, -0.07998835, -0.02349974, 0.6001409, 0.001070406, -0.1291949, 0.06038111, -0.9897786, -0.3106032, -0.673347, 0.7079827, -0.3918346, -0.3118482, -0.1075473, -0.8588654, 0.1823254, -0.5599514, 0.779235, -0.3313935, 0.3209656, -0.07627874, -0.883935;
3.041251, -0.08218082, -0.04205976, 0.6050518, 0.01338888, -0.1367297, 0.05431003, -0.9890279, -0.2913989, -0.7059553, 0.7098162, -0.4002353, -0.3364527, -0.1099359, -0.845296, 0.1829599, -0.5996416, 0.7809742, -0.3425104, 0.2918539, -0.08807555, -0.8886791;
3.063423, -0.08454537, -0.0595386, 0.6087605, 0.01798226, -0.1428725, 0.04532871, -0.988539, -0.2753237, -0.7316332, 0.7160333, -0.4006572, -0.3364774, -0.1454922, -0.8396956, 0.1856805, -0.6342699, 0.7846484, -0.3567377, 0.2563363, -0.08161093, -0.8946338;
3.085495, -0.08695965, -0.07435705, 0.6114356, 0.01841828, -0.1451188, 0.03822193, -0.9885041, -0.2612301, -0.7524731, 0.7227402, -0.4054269, -0.3238482, -0.1860768, -0.8343421, 0.1889431, -0.6642423, 0.7838436, -0.3812219, 0.2565942, -0.06019092, -0.8861187;
3.107815, -0.08890407, -0.08620024, 0.6133279, 0.02046426, -0.1457594, 0.02948247, -0.9886689, -0.2476214, -0.7712092, 0.7250222, -0.4108828, -0.3299414, -0.1850428, -0.8295017, 0.1935611, -0.6926026, 0.7818522, -0.4110344, 0.2538888, -0.05073957, -0.8740805;
3.129143, -0.09015623, -0.09382585, 0.6140974, 0.02346355, -0.1459242, 0.02345059, -0.9887395, -0.23752, -0.7821748, 0.7247746, -0.4144299, -0.3434377, -0.1502202, -0.8292962, 0.199491, -0.7139088, 0.7825487, -0.4225964, 0.2228511, -0.07352158, -0.875411;
3.152387, -0.09037732, -0.09853374, 0.6142679, 0.02393618, -0.1427324, 0.01505634, -0.9893573, -0.230087, -0.7895269, 0.726442, -0.4178466, -0.3439068, -0.128271, -0.831071, 0.2054473, -0.7295461, 0.7819027, -0.4363767, 0.2034828, -0.0813137, -0.872673;
3.175555, -0.08955055, -0.09943891, 0.6137518, 0.02339472, -0.1376627, 0.01282676, -0.9901198, -0.228732, -0.7864898, 0.7292759, -0.4129908, -0.336247, -0.1349156, -0.8355682, 0.2113184, -0.736113, 0.7779555, -0.444016, 0.2061906, -0.09533608, -0.8667446;
3.196832, -0.08796857, -0.09672744, 0.6123269, 0.02184429, -0.1351976, 0.01705394, -0.990431, -0.2310431, -0.7806236, 0.7324036, -0.408971, -0.3274775, -0.1531684, -0.8378786, 0.2185482, -0.7338043, 0.7765517, -0.4439295, 0.2013613, -0.109311, -0.8662744;
3.21953, -0.08609052, -0.09063338, 0.610215, 0.02111125, -0.1356015, 0.02098798, -0.9903162, -0.2397905, -0.7689919, 0.7343337, -0.4079327, -0.3191371, -0.151817, -0.8418396, 0.2285908, -0.7237529, 0.7792599, -0.441855, 0.1805926, -0.1023489, -0.87274;
3.241555, -0.08258421, -0.0792079, 0.6074244, 0.0215863, -0.1347499, 0.02419884, -0.9903489, -0.2511353, -0.7528932, 0.7336319, -0.4062884, -0.3349282, -0.1189275, -0.8417892, 0.2402389, -0.7070881, 0.782559, -0.4402441, 0.1653957, -0.08885633, -0.8780285;
3.263797, -0.07911458, -0.06454763, 0.6034541, 0.02494837, -0.1359103, 0.02620742, -0.9900602, -0.2687346, -0.7317352, 0.7353898, -0.4064552, -0.3467852, -0.08835988, -0.8406704, 0.2530571, -0.6842772, 0.785995, -0.4325909, 0.1601062, -0.09433657, -0.8822311;
3.28573, -0.0752483, -0.04579229, 0.5986611, 0.03558302, -0.1376171, 0.02904276, -0.98942, -0.2929687, -0.7065767, 0.742373, -0.411037, -0.3331808, -0.06699081, -0.8459027, 0.2678034, -0.6561692, 0.791409, -0.4270947, 0.1587721, -0.1116467, -0.8831288;
3.309635, -0.07126816, -0.02533164, 0.5936166, 0.04718335, -0.1377309, 0.03151428, -0.9888431, -0.3211689, -0.6743683, 0.7516835, -0.4122041, -0.3136245, -0.03528736, -0.8546826, 0.2859066, -0.620674, 0.8003221, -0.4168653, 0.1540275, -0.1343086, -0.8856975;
3.330716, -0.06731024, -0.003827314, 0.5881691, 0.0569025, -0.1370632, 0.03362636, -0.9883547, -0.348191, -0.6363996, 0.760653, -0.4065177, -0.3029595, 0.006544502, -0.8619258, 0.3064642, -0.5803399, 0.8121036, -0.4029931, 0.1419709, -0.1484243, -0.8918582;
3.352803, -0.06335076, 0.01840642, 0.5822181, 0.0661255, -0.1352141, 0.03384142, -0.988028, -0.37461, -0.5913735, 0.7713108, -0.3959743, -0.2875387, 0.03247878, -0.8714764, 0.32928, -0.5338771, 0.8265491, -0.3858417, 0.1190957, -0.1575037, -0.9011853;
3.376787, -0.05946423, 0.04033006, 0.576198, 0.07578811, -0.1343847, 0.03493422, -0.987409, -0.3974067, -0.5313966, 0.7746945, -0.3813639, -0.2760432, 0.0483993, -0.8809196, 0.3510977, -0.4847928, 0.8405173, -0.363728, 0.09772798, -0.1725824, -0.9101464;
3.398303, -0.0555151, 0.06194896, 0.5700113, 0.08579322, -0.1340595, 0.03664976, -0.9865721, -0.4175057, -0.4756523, 0.7828633, -0.3660495, -0.2665532, 0.08505062, -0.8875379, 0.3716097, -0.4329315, 0.8532942, -0.3428054, 0.07953957, -0.1900453, -0.9165373;
3.420869, -0.05193436, 0.08233856, 0.5640024, 0.09480193, -0.1331986, 0.03816667, -0.9858063, -0.4349341, -0.4185337, 0.7908198, -0.348619, -0.2571963, 0.1279017, -0.8921636, 0.3902154, -0.3795878, 0.8639749, -0.3245712, 0.06614057, -0.213575, -0.9190564;
3.442365, -0.048909, 0.1014759, 0.5580037, 0.1000315, -0.1337174, 0.03925203, -0.9851764, -0.4498649, -0.3603533, 0.7980134, -0.3366602, -0.2518544, 0.1605033, -0.8930107, 0.40717, -0.3257548, 0.8732976, -0.3086435, 0.05145381, -0.2389914, -0.9192251;
3.464249, -0.04626561, 0.1193736, 0.5523553, 0.1036947, -0.1341055, 0.03749425, -0.9848134, -0.4628919, -0.302481, 0.8043197, -0.3208168, -0.2458275, 0.1986957, -0.8928413, 0.4224878, -0.2721888, 0.8820288, -0.2876411, 0.03099211, -0.2586692, -0.9216248;
3.486331, -0.04401186, 0.1355913, 0.5468162, 0.1063031, -0.1341191, 0.03190725, -0.9847302, -0.473472, -0.2436767, 0.8101645, -0.3055114, -0.2297715, 0.2420505, -0.8917844, 0.4352278, -0.217863, 0.8885669, -0.2669961, 0.01299729, -0.2734925, -0.9239838;
3.509092, -0.04232979, 0.1495922, 0.5417744, 0.1097607, -0.1336129, 0.02835017, -0.9845285, -0.481543, -0.1839307, 0.8144994, -0.2862747, -0.2176494, 0.2699882, -0.8931864, 0.4457812, -0.1656152, 0.8924008, -0.2512849, 0.0004538332, -0.2909945, -0.9231349;
3.532018, -0.04056575, 0.1618784, 0.5366825, 0.1127573, -0.1318723, 0.02542675, -0.9845045, -0.4880524, -0.1256056, 0.8178151, -0.2706632, -0.2080489, 0.2884392, -0.8945725, 0.4549877, -0.1154556, 0.8948786, -0.2381746, -0.007815207, -0.3097766, -0.920462;
3.552754, -0.0390574, 0.1714586, 0.531787, 0.1158452, -0.1316019, 0.02434024, -0.9842095, -0.4901156, -0.07002588, 0.8196198, -0.243879, -0.1893062, 0.3248652, -0.8939512, 0.4602559, -0.06162754, 0.8928527, -0.2245019, -0.01990231, -0.3228576, -0.9192202;
3.576206, -0.03750227, 0.180208, 0.527517, 0.1200151, -0.1309403, 0.02291285, -0.9838324, -0.4928915, -0.01555511, 0.8228173, -0.2136953, -0.1589097, 0.3675568, -0.8910578, 0.4717492, -0.006869482, 0.8856673, -0.2030997, -0.03854007, -0.3335047, -0.9198042;
3.597797, -0.03618977, 0.1871762, 0.5236389, 0.124885, -0.1303107, 0.02272672, -0.983314, -0.4921032, 0.03802861, 0.8238102, -0.1916742, -0.1408354, 0.3858535, -0.8913717, 0.4866004, 0.04118836, 0.8775116, -0.1814734, -0.05572768, -0.3402062, -0.9209895;
3.619603, -0.03547317, 0.1913995, 0.5198143, 0.1257954, -0.1291564, 0.02484766, -0.9832989, -0.4890509, 0.08876126, 0.8231889, -0.1741301, -0.1245978, 0.3977755, -0.8921484, 0.4886029, 0.08386438, 0.8702332, -0.1682465, -0.0629589, -0.3450372, -0.9212375;
3.643076, -0.03530095, 0.1945052, 0.5164608, 0.1234144, -0.1279219, 0.02594534, -0.9837336, -0.484772, 0.1351903, 0.8213437, -0.1555609, -0.1018153, 0.4330814, -0.8819722, 0.4878632, 0.1224738, 0.8629217, -0.1588949, -0.07401822, -0.363939, -0.9147798;
3.664855, -0.03530171, 0.1966294, 0.5135729, 0.123083, -0.1254506, 0.02540353, -0.9841074, -0.4793521, 0.1787929, 0.8190218, -0.1406704, -0.07688589, 0.4685465, -0.8687719, 0.4863758, 0.1581906, 0.8558586, -0.1459108, -0.1022945, -0.3993543, -0.899312;
3.687668, -0.03569089, 0.1982442, 0.5109062, 0.1247253, -0.1241246, 0.02839942, -0.9839869, -0.4724245, 0.2196214, 0.8159738, -0.1255195, -0.05296498, 0.4958366, -0.8576629, 0.4827057, 0.1911595, 0.8481836, -0.139385, -0.1279044, -0.4246526, -0.8853713;
3.709245, -0.03622786, 0.1991524, 0.5086496, 0.1279557, -0.1245225, 0.02761653, -0.983544, -0.4630995, 0.2579425, 0.8120109, -0.106053, -0.0281825, 0.5162931, -0.8493527, 0.4762458, 0.2211421, 0.8384722, -0.133037, -0.1455406, -0.4471601, -0.8724488;
3.730526, -0.0371431, 0.2001003, 0.5066266, 0.1323008, -0.1250758, 0.02704089, -0.9829148, -0.4515965, 0.292879, 0.8068412, -0.08591678, -0.007244483, 0.5332839, -0.8415308, 0.4691471, 0.2480874, 0.8276559, -0.1288266, -0.1668431, -0.4767067, -0.8534153;
3.752557, -0.03845351, 0.2009672, 0.5047953, 0.139054, -0.1265756, 0.02745632, -0.9817784, -0.4399667, 0.3240347, 0.8023167, -0.06611487, 0.02357624, 0.5580778, -0.8268145, 0.4626412, 0.2718756, 0.8168226, -0.1282091, -0.1962508, -0.5132793, -0.8255861;
3.775624, -0.04008253, 0.2015132, 0.5030146, 0.1457173, -0.1295205, 0.02758454, -0.9804234, -0.4297177, 0.350902, 0.7991529, -0.04598756, 0.07424229, 0.6061195, -0.7905647, 0.4566002, 0.2918375, 0.8053957, -0.1307278, -0.2298373, -0.551753, -0.7909828;
3.798285, -0.0420626, 0.2016778, 0.5009867, 0.1492856, -0.1318933, 0.02686571, -0.9795898, -0.4172816, 0.3766207, 0.7944601, -0.01730333, 0.1190775, 0.6426057, -0.7566895, 0.4508147, 0.3102127, 0.7931434, -0.1319392, -0.262078, -0.5883437, -0.7534977;
3.820086, -0.04435079, 0.2014594, 0.4990747, 0.1522324, -0.1338032, 0.02620918, -0.9788948, -0.4032172, 0.4017203, 0.7883572, 0.006475153, 0.1466622, 0.6529926, -0.743, 0.4448474, 0.3274946, 0.7812661, -0.126871, -0.2931525, -0.6151001, -0.7208448;
3.843227, -0.0469587, 0.201253, 0.4970597, 0.1533306, -0.135049, 0.02444592, -0.9785979, -0.3878182, 0.421214, 0.7812915, 0.03359983, 0.1657456, 0.6705306, -0.7223491, 0.437501, 0.3454853, 0.7693723, -0.1103284, -0.327038, -0.6358055, -0.6903804;
3.864449, -0.04996703, 0.2005659, 0.4953683, 0.1585415, -0.1357006, 0.02342384, -0.977702, -0.3735675, 0.4392428, 0.7749836, 0.06247228, 0.1947336, 0.6917854, -0.6925382, 0.4292727, 0.3615845, 0.7571218, -0.09023516, -0.3587487, -0.6512175, -0.6626257;
3.886979, -0.05321231, 0.1995777, 0.4933828, 0.1634296, -0.1351467, 0.02167686, -0.9770139, -0.3605068, 0.4569141, 0.7692093, 0.09739785, 0.2378042, 0.7080943, -0.657697, 0.4211034, 0.3746581, 0.7441087, -0.07538018, -0.3868196, -0.6616449, -0.6378984;
3.909642, -0.05652184, 0.1978815, 0.4911216, 0.1684893, -0.1346029, 0.01909529, -0.9762832, -0.3483288, 0.4717263, 0.7616075, 0.1377981, 0.2873238, 0.7223051, -0.613785, 0.4131666, 0.3840427, 0.7308034, -0.05794454, -0.4140809, -0.6805295, -0.6017135;
3.932566, -0.05964225, 0.1953717, 0.4884806, 0.1720724, -0.1332033, 0.01533974, -0.9759163, -0.3371211, 0.4804974, 0.752902, 0.1637882, 0.3217093, 0.74945, -0.5549786, 0.4045121, 0.3921277, 0.7171437, -0.03285022, -0.4495224, -0.6972646, -0.5573801;
3.954487, -0.06284871, 0.1917899, 0.4855944, 0.1762192, -0.1314138, 0.01375135, -0.9754425, -0.3274947, 0.4862527, 0.7438757, 0.1876209, 0.3615386, 0.7785422, -0.4774518, 0.3951591, 0.3985364, 0.7029533, -0.003138602, -0.4955675, -0.7023402, -0.5110004;
3.976241, -0.06590953, 0.1865127, 0.4823786, 0.1824277, -0.1293932, 0.01386882, -0.9745693, -0.317111, 0.4916155, 0.7338229, 0.2287005, 0.4204078, 0.7849944, -0.3933665, 0.3832105, 0.3993168, 0.6875874, 0.03366697, -0.5355974, -0.7131012, -0.4510971;
4.0001, -0.06910892, 0.1797599, 0.4790376, 0.1878351, -0.1274205, 0.01360728, -0.9738054, -0.3054767, 0.4952825, 0.723063, 0.2773566, 0.4781387, 0.7833297, -0.2843436, 0.3696079, 0.3976998, 0.6724469, 0.0673023, -0.5645911, -0.7212553, -0.3955987;
4.0212, -0.0718259, 0.1706038, 0.4752384, 0.1919735, -0.1231051, 0.01234214, -0.9735703, -0.2893569, 0.4904229, 0.7086821, 0.3369807, 0.5218893, 0.770309, -0.1438739, 0.3506412, 0.387794, 0.6556436, 0.1086344, -0.5963429, -0.709587, -0.3592492;
4.043165, -0.07438307, 0.160256, 0.4709861, 0.1945145, -0.1194903, 0.0121163, -0.9735191, -0.2696827, 0.4796343, 0.6922205, 0.391608, 0.5573114, 0.7295716, -0.06141962, 0.3315501, 0.3793378, 0.6377385, 0.1593408, -0.639034, -0.6778116, -0.3268295;
4.065268, -0.07654308, 0.1478968, 0.4664031, 0.1984056, -0.1176377, 0.009489422, -0.9729885, -0.2449142, 0.456216, 0.6726878, 0.4738296, 0.5732586, 0.6664838, -0.0515704, 0.3083834, 0.3677994, 0.6160001, 0.2287099, -0.7039061, -0.6035823, -0.2964733;
4.088106, -0.0783907, 0.1341516, 0.4618063, 0.2020534, -0.115239, 0.01071081, -0.9725121, -0.2236838, 0.4245434, 0.6533391, 0.5483579, 0.581652, 0.5945555, -0.08653471, 0.2812788, 0.3436062, 0.5921656, 0.3286281, -0.7258759, -0.5390672, -0.2729732;
4.110296, -0.07950809, 0.1199126, 0.4574255, 0.2078416, -0.1143441, 0.01137479, -0.9713897, -0.2094004, 0.3900504, 0.6396965, 0.5807998, 0.5734476, 0.5625938, -0.1315967, 0.2617591, 0.310012, 0.5752077, 0.3555073, -0.7299483, -0.5071905, -0.2890462;
4.132, -0.07997712, 0.1054957, 0.4537144, 0.2178511, -0.1145787, 0.01128465, -0.9691674, -0.2001928, 0.3524266, 0.6349617, 0.5573946, 0.5591641, 0.5933102, -0.1569386, 0.250414, 0.2727045, 0.5657648, 0.3159737, -0.7172549, -0.5308554, -0.322333;
4.155313, -0.08043735, 0.09075078, 0.4510393, 0.2288409, -0.1146871, 0.01543675, -0.9665611, -0.1879511, 0.3169428, 0.6317415, 0.5615975, 0.5386124, 0.6151524, -0.1268558, 0.2423512, 0.240077, 0.5574074, 0.2705371, -0.7281839, -0.5553434, -0.2969032;
4.177261, -0.08149262, 0.07650901, 0.4491283, 0.2341332, -0.1147898, 0.02334377, -0.9651218, -0.1760878, 0.2851015, 0.6260228, 0.6040584, 0.5195592, 0.5974247, -0.09085921, 0.2300053, 0.2150427, 0.5472724, 0.2853429, -0.7316898, -0.5570614, -0.2699853;
4.198531, -0.0827356, 0.06422617, 0.4486136, 0.2330882, -0.1135542, 0.02346492, -0.9655179, -0.1699279, 0.260495, 0.6193171, 0.6407342, 0.51169, 0.5638399, -0.09857814, 0.2168947, 0.1967013, 0.5377557, 0.3364986, -0.7314283, -0.5238161, -0.2782052;
4.221229, -0.08401199, 0.0545154, 0.4492178, 0.2346021, -0.111244, 0.02003915, -0.9654973, -0.1700848, 0.2436259, 0.6193199, 0.6277227, 0.5005179, 0.58371, -0.1213622, 0.2105655, 0.1816368, 0.5362282, 0.3548569, -0.7153409, -0.5340281, -0.2778093;
4.243332, -0.085434, 0.04737588, 0.4503563, 0.2306816, -0.1071841, 0.02231762, -0.9668503, -0.1731592, 0.2351475, 0.6194444, 0.590502, 0.5159631, 0.6098549, -0.1147459, 0.2133571, 0.1736693, 0.5380623, 0.3285953, -0.7220024, -0.5412004, -0.2789977;
4.266322, -0.08661361, 0.04259612, 0.4520791, 0.2250141, -0.103596, 0.01923461, -0.9686416, -0.1713525, 0.2266652, 0.6141011, 0.5913634, 0.5164521, 0.6095919, -0.1093814, 0.21456, 0.169239, 0.540379, 0.3137311, -0.7228018, -0.5504134, -0.2759992;
4.287738, -0.08777657, 0.04137721, 0.4536419, 0.2160302, -0.09759758, 0.01636019, -0.9713589, -0.1683352, 0.2229923, 0.6046801, 0.6194111, 0.5091515, 0.5893074, -0.09905291, 0.2139988, 0.1724143, 0.5429782, 0.3282798, -0.7150378, -0.5491121, -0.2818319;
4.311244, -0.08864339, 0.04286568, 0.45467, 0.2064908, -0.08999822, 0.01157851, -0.974232, -0.1791848, 0.2195762, 0.601503, 0.6258506, 0.5141855, 0.5805659, -0.08287072, 0.2130733, 0.1788577, 0.5456415, 0.3510549, -0.7056472, -0.5453464, -0.2853416;
4.332511, -0.08822902, 0.0492096, 0.4548356, 0.1992359, -0.08110388, 0.007170449, -0.9765633, -0.1861762, 0.2256227, 0.5977355, 0.6200652, 0.5181409, 0.5841804, -0.07604298, 0.2139593, 0.1881816, 0.5485935, 0.3638501, -0.6998378, -0.547146, -0.2801277;
4.355043, -0.08744857, 0.05813346, 0.4542607, 0.1953146, -0.07463668, 0.009810303, -0.9778473, -0.1914521, 0.2404835, 0.5921908, 0.6179065, 0.521746, 0.5812913, -0.08985057, 0.2180455, 0.2004136, 0.5503918, 0.3641317, -0.704264, -0.5424692, -0.2777543;
4.377576, -0.08653516, 0.06946957, 0.4532736, 0.1931881, -0.06836319, 0.01397889, -0.9786774, -0.1984713, 0.2616831, 0.5866178, 0.6148509, 0.5278145, 0.574881, -0.1134988, 0.2242272, 0.2158505, 0.5518188, 0.3621282, -0.7080832, -0.5399354, -0.2755924;
4.398716, -0.08535943, 0.08460971, 0.4519172, 0.1965934, -0.06219826, 0.01841021, -0.9783371, -0.2080409, 0.2873959, 0.5829284, 0.604696, 0.5353488, 0.5779098, -0.1173237, 0.2314582, 0.234342, 0.5532635, 0.3665994, -0.7062722, -0.5344021, -0.2849542;
4.42201, -0.08453382, 0.101018, 0.4509271, 0.201896, -0.05508483, 0.02268844, -0.9775934, -0.2202831, 0.3168097, 0.5797868, 0.5911758, 0.5395239, 0.5881194, -0.1163645, 0.2407834, 0.255493, 0.5552464, 0.3699832, -0.7063115, -0.5257455, -0.2963583;
4.443966, -0.08419739, 0.1184373, 0.4502846, 0.2063047, -0.04636647, 0.02690817, -0.9770182, -0.2337506, 0.3449602, 0.5753555, 0.5841002, 0.5359008, 0.5960659, -0.1278388, 0.2520888, 0.2768681, 0.557737, 0.3703092, -0.7110043, -0.5125394, -0.3076482;
4.46594, -0.08412077, 0.1360978, 0.4500911, 0.2094736, -0.03391887, 0.02872935, -0.9768034, -0.2522076, 0.3738702, 0.5695663, 0.5721972, 0.5362153, 0.5984057, -0.1642383, 0.2675136, 0.2984607, 0.5626804, 0.3613416, -0.7167087, -0.5036167, -0.3195798;
4.488219, -0.08445569, 0.1536088, 0.4503866, 0.2102645, -0.01683581, 0.03013401, -0.977035, -0.2741784, 0.4017532, 0.5622907, 0.5534441, 0.5523401, 0.5840199, -0.2180388, 0.2858064, 0.3179624, 0.5707561, 0.3391704, -0.7200948, -0.5006242, -0.3402975;
4.510847, -0.0848917, 0.1694423, 0.4510487, 0.2087823, 0.002717456, 0.03115102, -0.9774622, -0.3019796, 0.4255266, 0.5570464, 0.5227119, 0.5582635, 0.5790443, -0.2825278, 0.3050435, 0.33454, 0.5812293, 0.3188834, -0.7151059, -0.4961595, -0.3751836;
4.532392, -0.08540498, 0.1831011, 0.4525032, 0.2062117, 0.02606274, 0.03255934, -0.9776182, -0.3313413, 0.4448273, 0.5542307, 0.4839657, 0.5580367, 0.5843503, -0.3360163, 0.3244859, 0.3481529, 0.5925519, 0.3084375, -0.704652, -0.4709046, -0.4319499;
4.554146, -0.08595431, 0.1929271, 0.4543721, 0.2007634, 0.05126032, 0.03451071, -0.9776888, -0.3629676, 0.4554923, 0.5537013, 0.444501, 0.5393987, 0.6009749, -0.3876818, 0.3443076, 0.3572201, 0.6069446, 0.2940155, -0.6893665, -0.4489547, -0.4865885;
4.57741, -0.08678067, 0.2003109, 0.4564146, 0.1917273, 0.07737049, 0.0377905, -0.9776637, -0.3971166, 0.4601725, 0.5522747, 0.3940314, 0.5268289, 0.611527, -0.4395739, 0.3641789, 0.3605788, 0.6250305, 0.269738, -0.6683075, -0.4398336, -0.5358665;
4.598952, -0.08760101, 0.2048002, 0.4584022, 0.1807265, 0.1061736, 0.04045067, -0.9769487, -0.4336202, 0.4570595, 0.5481177, 0.3383192, 0.5301222, 0.6053882, -0.4878685, 0.3829755, 0.3574956, 0.6448694, 0.2445735, -0.6446727, -0.4236771, -0.587434;
4.623058, -0.08839671, 0.2080139, 0.460399, 0.1700158, 0.1340659, 0.04233478, -0.9753608, -0.4663743, 0.4471176, 0.5411041, 0.3091108, 0.5208587, 0.588636, -0.5354105, 0.3990332, 0.3510428, 0.6645767, 0.2320742, -0.6221574, -0.3982481, -0.6328192;
4.644085, -0.0891819, 0.2080866, 0.4621466, 0.1585182, 0.1623447, 0.04696575, -0.9727849, -0.4957888, 0.4328119, 0.5327991, 0.2930048, 0.4975601, 0.5496385, -0.6037215, 0.4117718, 0.3408968, 0.6844747, 0.231822, -0.5958118, -0.3726038, -0.6726316;
4.665701, -0.08990569, 0.2059219, 0.4630571, 0.1441123, 0.1915567, 0.0532594, -0.9693819, -0.5248337, 0.41146, 0.5235358, 0.2751498, 0.4785686, 0.4806359, -0.6813618, 0.4209645, 0.3225525, 0.7050367, 0.227648, -0.5656183, -0.3329718, -0.7192928;
4.689354, -0.09062105, 0.2036606, 0.4635978, 0.1298389, 0.2201105, 0.05950193, -0.9649625, -0.5534419, 0.3842012, 0.5156431, 0.2464972, 0.4677883, 0.4262991, -0.7339498, 0.425336, 0.2971314, 0.7277204, 0.1988938, -0.540502, -0.333481, -0.7463841;
4.710003, -0.09120215, 0.2009123, 0.4636058, 0.1168359, 0.2474277, 0.06468589, -0.9596586, -0.5804434, 0.3478224, 0.5116697, 0.1971593, 0.4887301, 0.4469175, -0.7228664, 0.4230273, 0.2657395, 0.7513247, 0.1719546, -0.5145854, -0.3497967, -0.763725;
4.731901, -0.09136055, 0.1987964, 0.4631037, 0.1055335, 0.2742637, 0.06888517, -0.9533609, -0.6042303, 0.3028369, 0.5101498, 0.1284698, 0.5195101, 0.5181254, -0.6671962, 0.4168042, 0.2322846, 0.7719593, 0.1554561, -0.4861614, -0.3313121, -0.7935445;
4.754424, -0.09090906, 0.1977641, 0.4622357, 0.09769169, 0.3006697, 0.07210705, -0.9459676, -0.6243786, 0.2537809, 0.5063497, 0.05552843, 0.5262371, 0.5438332, -0.6513345, 0.4079927, 0.1952775, 0.7927176, 0.1254803, -0.4476388, -0.2947966, -0.8348468;
4.777524, -0.09003094, 0.1974664, 0.4617237, 0.09423441, 0.3233428, 0.07906668, -0.9382525, -0.6377121, 0.2029263, 0.4987935, 0.01120202, 0.5093454, 0.5007597, -0.6997724, 0.392446, 0.1523793, 0.81476, 0.08655511, -0.3860674, -0.299369, -0.8682387;
4.799131, -0.08826866, 0.197623, 0.4612555, 0.09233914, 0.3400178, 0.08636788, -0.9318809, -0.6470828, 0.1508133, 0.4912859, -0.01138992, 0.4951119, 0.4341514, -0.7524938, 0.3747784, 0.1069421, 0.8344463, 0.04467204, -0.328633, -0.3052967, -0.8926359;
4.821187, -0.08653279, 0.197393, 0.4605108, 0.08870517, 0.3512995, 0.094408, -0.927258, -0.6513017, 0.09413766, 0.4894691, -0.01896045, 0.469754, 0.3746076, -0.79915, 0.3542495, 0.05825659, 0.8499348, 0.007198819, -0.279406, -0.2912639, -0.9149021;
4.844213, -0.08527915, 0.1973986, 0.4595599, 0.08424447, 0.3589211, 0.10105, -0.9240495, -0.652034, 0.03521791, 0.487955, -0.05564568, 0.4361916, 0.3454119, -0.8290544, 0.3330573, 0.009598372, 0.864278, -0.02868988, -0.2287662, -0.2829585, -0.9310088;
4.866891, -0.08410083, 0.1977534, 0.4588277, 0.08438249, 0.367095, 0.1029714, -0.9206073, -0.6499527, -0.02686873, 0.4864133, -0.1045053, 0.4167327, 0.3200685, -0.8443747, 0.3091375, -0.04000517, 0.8753206, -0.0586945, -0.1789388, -0.2808051, -0.941108;
4.888134, -0.08294255, 0.1979607, 0.4578257, 0.08628873, 0.3712879, 0.1014481, -0.9189166, -0.6442634, -0.08916766, 0.4837082, -0.1342919, 0.4244214, 0.2883739, -0.8477456, 0.283176, -0.09058446, 0.8840675, -0.0923124, -0.1347374, -0.2618373, -0.9511916;
4.910596, -0.08165261, 0.197512, 0.4564579, 0.08520158, 0.3735509, 0.1003398, -0.9182224, -0.6342455, -0.1554887, 0.4816631, -0.1777535, 0.427633, 0.2488436, -0.8506531, 0.2536177, -0.1441805, 0.8900911, -0.1323242, -0.09283764, -0.2380627, -0.9577044;
4.933333, -0.08026362, 0.1969955, 0.4548597, 0.08421253, 0.374709, 0.1005126, -0.9178228, -0.6136919, -0.2244262, 0.4803817, -0.2218973, 0.399151, 0.2110108, -0.8642421, 0.2198207, -0.2029108, 0.8905982, -0.1879364, -0.05225085, -0.2477352, -0.9489874;
4.956291, -0.07900367, 0.196705, 0.4529857, 0.08538908, 0.3759106, 0.1021837, -0.9170378, -0.5870883, -0.2926123, 0.479129, -0.2751938, 0.350294, 0.1690279, -0.8791997, 0.1825224, -0.2619368, 0.8838212, -0.2273039, 0.001934845, -0.2890868, -0.9299237;
4.978132, -0.07800228, 0.1963877, 0.4507025, 0.08782381, 0.3762397, 0.1031085, -0.9165694, -0.559777, -0.3572306, 0.4769442, -0.3264036, 0.3082693, 0.1369906, -0.882986, 0.1458997, -0.3192906, 0.8739003, -0.2503732, 0.05130122, -0.321042, -0.9119285;
4.999077, -0.07767077, 0.1961652, 0.4480906, 0.08999489, 0.3750498, 0.1063456, -0.9164765, -0.527728, -0.4139452, 0.4743882, -0.3727815, 0.2832014, 0.1124128, -0.8764669, 0.1098595, -0.374844, 0.8543312, -0.2817288, 0.1215902, -0.3486164, -0.8856135;
5.021502, -0.07781188, 0.1968774, 0.4457131, 0.09734036, 0.3743932, 0.1055707, -0.9160838, -0.4954737, -0.4590587, 0.4716164, -0.4014011, 0.2678504, 0.09425344, -0.8707753, 0.08079687, -0.4183321, 0.8360803, -0.3103434, 0.1842275, -0.3347594, -0.8704501;
5.044267, -0.07810595, 0.1979697, 0.4436005, 0.1086569, 0.3758722, 0.0984982, -0.9149928, -0.4645112, -0.4967816, 0.4707699, -0.418819, 0.2549464, 0.04788766, -0.8702298, 0.057583, -0.4534037, 0.8272077, -0.3300031, 0.174302, -0.2760071, -0.8857408;
5.066825, -0.07888704, 0.197928, 0.4409057, 0.1117024, 0.3757791, 0.09668667, -0.9148575, -0.4331488, -0.5253952, 0.4728851, -0.4286216, 0.2512766, -0.03787473, -0.8670115, 0.03189994, -0.4883806, 0.8140683, -0.3410618, 0.1617036, -0.2430644, -0.8935595;
5.091012, -0.07985013, 0.1974155, 0.4382243, 0.1111522, 0.3743164, 0.09372357, -0.915832, -0.3985462, -0.5499184, 0.4753651, -0.4426459, 0.2149566, -0.08219074, -0.866662, 0.001063778, -0.5225028, 0.7934315, -0.3720168, 0.2357492, -0.2328882, -0.8670576;
5.111135, -0.08104856, 0.1973265, 0.436455, 0.1145412, 0.3739493, 0.08392289, -0.9165147, -0.3637686, -0.5644371, 0.4772856, -0.4561443, 0.1515418, -0.07656131, -0.8735593, -0.02693082, -0.5471352, 0.774492, -0.3669921, 0.3027034, -0.2279285, -0.8495505;
5.134316, -0.08180352, 0.1981358, 0.4357884, 0.1214893, 0.3761175, 0.07578894, -0.9154409, -0.3374358, -0.5756521, 0.4790469, -0.4639274, 0.1130337, -0.08295505, -0.8747075, -0.04623957, -0.5699691, 0.7570643, -0.3531988, 0.3194965, -0.2746585, -0.8353055;
5.1558, -0.08211366, 0.1984091, 0.4360223, 0.1233101, 0.3780312, 0.07479823, -0.9144902, -0.3204393, -0.5822278, 0.4822884, -0.4734013, 0.1131688, -0.1066656, -0.8670101, -0.06087522, -0.5867922, 0.736068, -0.3449765, 0.3443532, -0.3466683, -0.8013946;
5.178633, -0.08204956, 0.197827, 0.4367113, 0.11755, 0.3780902, 0.07974163, -0.9148066, -0.3046413, -0.5885853, 0.4851664, -0.48779, 0.1084858, -0.1100753, -0.8591712, -0.07677165, -0.5977455, 0.716036, -0.3497578, 0.3880515, -0.3709416, -0.7677811;
5.19911, -0.08245009, 0.1973598, 0.4372551, 0.1149956, 0.3785947, 0.0821564, -0.9147089, -0.2922155, -0.5885141, 0.4896961, -0.4885399, 0.09063852, -0.08435208, -0.8637118, -0.09178342, -0.6022051, 0.6978786, -0.3502409, 0.4333423, -0.3725568, -0.7421234;
5.220949, -0.08270387, 0.1975751, 0.4381506, 0.1158731, 0.380385, 0.08183298, -0.913884, -0.2853811, -0.5853465, 0.4945945, -0.4778265, 0.08845693, -0.09446375, -0.8688693, -0.1037465, -0.6006358, 0.682487, -0.3470175, 0.4606921, -0.3729404, -0.726813;
5.244679, -0.08316387, 0.1977931, 0.4391243, 0.1128684, 0.383962, 0.0831821, -0.9126416, -0.2807104, -0.5828912, 0.4997655, -0.4677858, 0.1020952, -0.1274212, -0.8686293, -0.115663, -0.5994162, 0.6684303, -0.3368168, 0.4901771, -0.3679444, -0.7147711;
5.265853, -0.08361517, 0.1974575, 0.4398102, 0.1080863, 0.3854012, 0.08421855, -0.9125187, -0.276795, -0.5805585, 0.5030517, -0.4594777, 0.1086846, -0.1530303, -0.8681299, -0.1230228, -0.5983742, 0.6588494, -0.3533328, 0.5130057, -0.3370316, -0.7059681;
5.288966, -0.08425698, 0.1971171, 0.4405105, 0.1058594, 0.3870634, 0.08334409, -0.9121565, -0.2740859, -0.5774876, 0.5048195, -0.4437954, 0.1000827, -0.1414008, -0.8792241, -0.1274666, -0.5999101, 0.6531194, -0.346133, 0.5275842, -0.3362011, -0.6991535;
5.311002, -0.08503738, 0.1970318, 0.4414352, 0.1063501, 0.3894828, 0.08227824, -0.9111658, -0.2757314, -0.5767346, 0.5052728, -0.442192, 0.1089985, -0.1467803, -0.8780895, -0.130036, -0.6032742, 0.6527678, -0.3235967, 0.515556, -0.3595057, -0.7072785;
5.332656, -0.08593975, 0.19719, 0.4423673, 0.1083496, 0.3906591, 0.08333183, -0.9103306, -0.2803762, -0.5757633, 0.5046843, -0.4387214, 0.1298651, -0.1639604, -0.8739425, -0.1346197, -0.6035216, 0.6563936, -0.3119617, 0.4998442, -0.3593297, -0.7236835;
5.356369, -0.08674717, 0.1972877, 0.4435014, 0.1089486, 0.3933708, 0.08504783, -0.9089316, -0.2843638, -0.5735611, 0.5042604, -0.4275469, 0.1454404, -0.1682183, -0.8762154, -0.138407, -0.6008611, 0.656523, -0.3210725, 0.4951932, -0.3306221, -0.7364681;
5.37764, -0.08760376, 0.1970303, 0.444684, 0.1081408, 0.3941985, 0.08723618, -0.9084619, -0.2885013, -0.5708207, 0.5032669, -0.419852, 0.1548622, -0.170969, -0.8777879, -0.141101, -0.595925, 0.6549659, -0.3279392, 0.5017976, -0.3040259, -0.7404211;
5.400444, -0.08833446, 0.1965901, 0.4457631, 0.1062212, 0.3953038, 0.08816647, -0.9081182, -0.2917498, -0.5680774, 0.5021078, -0.4117467, 0.1623498, -0.1685087, -0.8807452, -0.1435088, -0.5915803, 0.653565, -0.3149063, 0.5086993, -0.3047194, -0.7410838;
5.422493, -0.08907525, 0.196462, 0.4467634, 0.1055266, 0.3964021, 0.08873542, -0.9076649, -0.29461, -0.5658245, 0.5005679, -0.4076772, 0.1672389, -0.1644984, -0.88248, -0.1453404, -0.5873509, 0.6541184, -0.3097528, 0.5109746, -0.2924579, -0.74661;
5.444538, -0.08953142, 0.1965441, 0.4474708, 0.1061332, 0.3969922, 0.08812833, -0.9073954, -0.2975443, -0.5638707, 0.4988302, -0.4082464, 0.1649802, -0.1640466, -0.882726, -0.1460387, -0.5850195, 0.656056, -0.3199532, 0.5065014, -0.2752585, -0.751877;
5.465723, -0.09007134, 0.1965853, 0.4482526, 0.106078, 0.3974779, 0.087952, -0.9072063, -0.3017137, -0.5623925, 0.4969724, -0.4095747, 0.1642296, -0.1579387, -0.8833644, -0.1456499, -0.5843658, 0.6582209, -0.3249341, 0.5008628, -0.2732322, -0.7542536;
